-7.658657999999999673e-10 1.000000000000000000e+00
-7.797688000000000174e-10 2.000000000000000000e+00
-7.877463999999999837e-10 4.000000000000000000e+00
-7.799972999999999613e-10 5.000000000000000000e+00
-8.038869999999999765e-10 6.000000000000000000e+00
-7.925987999999999617e-10 8.000000000000000000e+00
-8.008509999999999883e-10 9.000000000000000000e+00
-7.696461000000000229e-10 1.000000000000000000e+01
-7.904826000000000471e-10 1.200000000000000000e+01
-8.029955999999999604e-10 1.300000000000000000e+01
-8.371766000000000515e-10 1.400000000000000000e+01
-8.075545999999999857e-10 1.600000000000000000e+01
-7.933282999999999642e-10 1.700000000000000000e+01
-7.981002999999999556e-10 1.900000000000000000e+01
-7.768508000000000074e-10 2.000000000000000000e+01
-7.882380999999999728e-10 2.200000000000000000e+01
-8.007963999999999541e-10 2.300000000000000000e+01
-7.986374999999999731e-10 2.400000000000000000e+01
-8.497092000000000088e-10 2.600000000000000000e+01
-7.709031999999999813e-10 2.700000000000000000e+01
-7.951521999999999665e-10 2.800000000000000000e+01
-8.112587999999999779e-10 3.000000000000000000e+01
-8.143446999999999496e-10 3.100000000000000000e+01
-7.955702000000000369e-10 3.300000000000000000e+01
-7.641968999999999504e-10 3.400000000000000000e+01
-8.075574000000000510e-10 3.500000000000000000e+01
-8.278570999999999784e-10 3.700000000000000000e+01
-7.884800999999999809e-10 3.800000000000000000e+01
-8.028674000000000393e-10 3.900000000000000000e+01
-7.999326999999999791e-10 4.100000000000000000e+01
