-3.305812999999999904e-09 3.800000000010186341e-01
-3.100057000000000020e-09 1.770000000000436557e+00
-3.317685000000000005e-09 3.159999999999854481e+00
-3.784246000000000003e-09 4.560000000001309672e+00
-3.430221000000000081e-09 5.959999999999126885e+00
-3.625147999999999815e-09 7.349999999998544808e+00
-3.309895999999999879e-09 8.729999999999563443e+00
-3.201081000000000188e-09 1.013000000000101863e+01
-3.343503999999999914e-09 1.152999999999883585e+01
-3.576817999999999838e-09 1.290999999999985448e+01
-3.623741000000000049e-09 1.431000000000130967e+01
-3.265830999999999990e-09 1.572000000000116415e+01
-3.285767000000000199e-09 1.711999999999898137e+01
-3.532748000000000010e-09 1.850000000000000000e+01
-3.285747000000000027e-09 1.990999999999985448e+01
-3.490235000000000201e-09 2.129999999999927240e+01
-3.989024999999999881e-09 2.268000000000029104e+01
-3.818964000000000255e-09 2.406999999999970896e+01
-4.055936999999999825e-09 2.545999999999912689e+01
-3.317825999999999871e-09 2.684000000000014552e+01
-3.704907999999999962e-09 2.822999999999956344e+01
-3.491484999999999964e-09 2.963000000000101863e+01
-3.386361000000000193e-09 3.102999999999883585e+01
-3.622873000000000048e-09 3.240999999999985448e+01
-3.295680999999999840e-09 3.381999999999970896e+01
-3.475201000000000064e-09 3.520999999999912689e+01
-3.480793999999999964e-09 3.659999999999854481e+01
-3.517089999999999897e-09 3.797999999999956344e+01
-3.335734000000000053e-09 3.936999999999898137e+01
-3.724092999999999829e-09 4.075999999999839929e+01
-3.365556000000000077e-09 4.216999999999825377e+01
-3.720502999999999844e-09 4.356000000000130967e+01
-3.722564000000000050e-09 4.495000000000072760e+01
-3.199343999999999866e-09 4.634000000000014552e+01
-3.315210000000000177e-09 4.772999999999956344e+01
-3.505625999999999987e-09 4.913000000000101863e+01
-3.599257000000000116e-09 5.052000000000043656e+01
-3.976669000000000177e-09 5.190999999999985448e+01
-3.123846999999999997e-09 5.331999999999970896e+01
-3.437807000000000017e-09 5.472000000000116415e+01
-3.735486000000000267e-09 5.611999999999898137e+01
-3.259536999999999970e-09 5.752000000000043656e+01
-3.825882999999999743e-09 5.890999999999985448e+01
-3.439377999999999949e-09 6.031000000000130967e+01
-3.372364000000000164e-09 6.170999999999912689e+01
-3.201270999999999956e-09 6.311000000000058208e+01
-3.348414000000000055e-09 6.450999999999839929e+01
-3.585970000000000181e-09 6.588999999999941792e+01
-3.486978000000000074e-09 6.729000000000087311e+01
-3.347189999999999895e-09 6.868999999999869033e+01
-4.236691000000000089e-09 7.009999999999854481e+01
-3.631588999999999959e-09 7.150000000000000000e+01
-3.509874000000000033e-09 7.290000000000145519e+01
-3.921305999999999942e-09 7.429999999999927240e+01
-3.858829000000000096e-09 7.568999999999869033e+01
-3.290313000000000113e-09 7.709000000000014552e+01
-3.316807000000000125e-09 7.847000000000116415e+01
-3.306430000000000131e-09 7.986000000000058208e+01
-3.292332000000000165e-09 8.125000000000000000e+01
-3.457130999999999939e-09 8.263999999999941792e+01
-3.455593000000000187e-09 8.402000000000043656e+01
-3.270873000000000023e-09 8.540999999999985448e+01
-3.449790999999999839e-09 8.679999999999927240e+01
-3.498148000000000150e-09 8.818999999999869033e+01
-3.808088000000000013e-09 8.956999999999970896e+01
-3.396569000000000082e-09 9.095999999999912689e+01
-3.574204999999999860e-09 9.234999999999854481e+01
-4.728390999999999952e-09 9.372999999999956344e+01
-3.297267000000000004e-09 9.513000000000101863e+01
-3.634492000000000150e-09 9.652000000000043656e+01
-4.071625000000000402e-09 9.790999999999985448e+01
-3.601487000000000014e-09 9.929999999999927240e+01
-3.343933000000000182e-09 1.006899999999986903e+02
-3.260272000000000175e-09 1.020799999999981083e+02
-3.627882999999999806e-09 1.034599999999991269e+02
-3.421262000000000050e-09 1.048600000000005821e+02
-3.256715999999999862e-09 1.062599999999983993e+02
-3.633285999999999937e-09 1.076399999999994179e+02
-3.600920999999999915e-09 1.090299999999988358e+02
-3.372026999999999858e-09 1.104199999999982538e+02
-3.168299000000000000e-09 1.118100000000013097e+02
-3.506529999999999884e-09 1.131899999999986903e+02
-3.747721999999999768e-09 1.145799999999981083e+02
-3.707564999999999904e-09 1.159599999999991269e+02
-3.141040000000000146e-09 1.173600000000005821e+02
-3.222015000000000066e-09 1.187500000000000000e+02
-3.268295999999999939e-09 1.201500000000014552e+02
-3.346251000000000008e-09 1.215499999999992724e+02
-3.472618000000000136e-09 1.229399999999986903e+02
-3.168486999999999959e-09 1.243400000000001455e+02
-3.428033999999999828e-09 1.257299999999995634e+02
-3.753568999999999986e-09 1.271100000000005821e+02
-3.338165999999999823e-09 1.285000000000000000e+02
-3.419160999999999914e-09 1.298899999999994179e+02
-3.437622000000000188e-09 1.312799999999988358e+02
-3.563468000000000086e-09 1.326800000000002910e+02
-3.464999000000000020e-09 1.340699999999997090e+02
-3.365348999999999852e-09 1.354799999999995634e+02
-4.034004000000000373e-09 1.368800000000010186e+02
-3.403124000000000169e-09 1.382900000000008731e+02
-3.161517999999999835e-09 1.396699999999982538e+02
-3.435451999999999977e-09 1.410699999999997090e+02
-3.512610999999999835e-09 1.424700000000011642e+02
-3.698073999999999859e-09 1.438600000000005821e+02
-3.519532999999999865e-09 1.452400000000016007e+02
-3.732579000000000041e-09 1.466399999999994179e+02
-3.338200999999999813e-09 1.480200000000004366e+02
-3.702557999999999861e-09 1.494099999999998545e+02
-3.466177999999999898e-09 1.507999999999992724e+02
-3.521402999999999984e-09 1.521899999999986903e+02
-3.622481999999999899e-09 1.535600000000013097e+02
-3.772285999999999974e-09 1.549599999999991269e+02
-3.291500000000000059e-09 1.563499999999985448e+02
-3.270642000000000006e-09 1.577299999999995634e+02
-3.789211999999999798e-09 1.591199999999989814e+02
-3.221166999999999822e-09 1.605099999999983993e+02
-3.612013999999999848e-09 1.619000000000014552e+02
-3.721091999999999830e-09 1.632999999999992724e+02
-3.782202999999999745e-09 1.646800000000002910e+02
-3.579765999999999899e-09 1.660799999999981083e+02
-3.476061999999999902e-09 1.674700000000011642e+02
-3.274894999999999991e-09 1.688699999999989814e+02
-3.288284000000000181e-09 1.702700000000004366e+02
-3.142418000000000180e-09 1.716699999999982538e+02
-4.099218000000000020e-09 1.730699999999997090e+02
-3.358813999999999936e-09 1.744599999999991269e+02
-3.568144000000000081e-09 1.758600000000005821e+02
-3.641257000000000178e-09 1.772599999999983993e+02
-3.209456000000000172e-09 1.786599999999998545e+02
-3.249072999999999953e-09 1.800600000000013097e+02
-3.837873000000000236e-09 1.814500000000007276e+02
-3.741966999999999926e-09 1.828400000000001455e+02
-3.479752999999999823e-09 1.842299999999995634e+02
-3.826767000000000295e-09 1.856300000000010186e+02
-3.515678000000000192e-09 1.870299999999988358e+02
-3.393768000000000145e-09 1.884300000000002910e+02
-3.607047000000000148e-09 1.898199999999997090e+02
-3.431681000000000198e-09 1.912099999999991269e+02
-3.423880999999999873e-09 1.925999999999985448e+02
-3.271514999999999947e-09 1.939900000000016007e+02
-3.583564999999999919e-09 1.953899999999994179e+02
-3.353361999999999902e-09 1.967799999999988358e+02
-3.444602000000000096e-09 1.981599999999998545e+02
-3.558827999999999986e-09 1.995499999999992724e+02
-3.581343000000000089e-09 2.009500000000007276e+02
-3.613089999999999979e-09 2.023400000000001455e+02
-3.688563000000000056e-09 2.037400000000016007e+02
-3.463886999999999993e-09 2.051300000000010186e+02
-3.359864999999999957e-09 2.065200000000004366e+02
-3.396809000000000073e-09 2.079099999999998545e+02
-3.288925000000000200e-09 2.092900000000008731e+02
-3.216858000000000184e-09 2.106800000000002910e+02
-3.057720999999999971e-09 2.120699999999997090e+02
-3.304184000000000095e-09 2.134700000000011642e+02
-3.620780999999999886e-09 2.148600000000005821e+02
-3.298047000000000078e-09 2.162500000000000000e+02
-3.297637000000000076e-09 2.176399999999994179e+02
-3.334773000000000185e-09 2.190200000000004366e+02
-3.209126999999999934e-09 2.204099999999998545e+02
-3.408769000000000102e-09 2.217999999999992724e+02
-3.418480999999999871e-09 2.231899999999986903e+02
-4.101570000000000344e-09 2.245900000000001455e+02
-3.192358000000000113e-09 2.259799999999995634e+02
-3.163806999999999929e-09 2.273600000000005821e+02
-3.583283000000000188e-09 2.287599999999983993e+02
-3.476740000000000135e-09 2.301599999999998545e+02
-3.113654999999999832e-09 2.315600000000013097e+02
-3.327166000000000171e-09 2.329399999999986903e+02
-3.585292999999999853e-09 2.343299999999981083e+02
-3.372793000000000018e-09 2.357299999999995634e+02
-3.436351999999999840e-09 2.371199999999989814e+02
-3.566019000000000153e-09 2.385200000000004366e+02
-3.512132000000000172e-09 2.399099999999998545e+02
-3.784486999999999900e-09 2.413199999999997090e+02
-3.928881000000000094e-09 2.427099999999991269e+02
-3.355642999999999927e-09 2.440999999999985448e+02
-3.421641000000000096e-09 2.454799999999995634e+02
-3.345089000000000173e-09 2.468699999999989814e+02
-3.583337000000000031e-09 2.482599999999983993e+02
-3.444685000000000084e-09 2.496500000000014552e+02
-3.677964999999999923e-09 2.510299999999988358e+02
-3.297083999999999985e-09 2.524300000000002910e+02
-3.260326000000000018e-09 2.538199999999997090e+02
-3.142293999999999944e-09 2.552200000000011642e+02
-3.086709999999999984e-09 2.566300000000010186e+02
-3.397018000000000108e-09 2.580200000000004366e+02
-3.737860999999999651e-09 2.594000000000014552e+02
-3.306921999999999802e-09 2.607999999999992724e+02
-3.342444999999999825e-09 2.621800000000002910e+02
-3.386237999999999862e-09 2.635699999999997090e+02
-3.492340999999999862e-09 2.649500000000007276e+02
-3.194936000000000102e-09 2.663499999999985448e+02
-3.706373999999999923e-09 2.677299999999995634e+02
-3.290834999999999834e-09 2.691199999999989814e+02
-3.269432000000000172e-09 2.705000000000000000e+02
-3.135741000000000080e-09 2.718899999999994179e+02
-3.879316999999999664e-09 2.732799999999988358e+02
-3.745427000000000243e-09 2.746599999999998545e+02
-3.414383999999999983e-09 2.760600000000013097e+02
-3.366211999999999914e-09 2.774500000000007276e+02
-3.426510999999999894e-09 2.788600000000005821e+02
-3.161187000000000201e-09 2.802500000000000000e+02
-3.302552000000000157e-09 2.816399999999994179e+02
-3.355023999999999891e-09 2.830299999999988358e+02
-3.325417000000000160e-09 2.844300000000002910e+02
-3.503733999999999887e-09 2.858299999999981083e+02
-3.928098999999999796e-09 2.872099999999991269e+02
-3.495969999999999871e-09 2.885999999999985448e+02
-3.587061000000000131e-09 2.899900000000016007e+02
-3.461251000000000128e-09 2.913899999999994179e+02
-3.591559000000000046e-09 2.927900000000008731e+02
-3.124640000000000079e-09 2.941899999999986903e+02
-3.532748000000000010e-09 2.955699999999997090e+02
-3.405853999999999807e-09 2.969700000000011642e+02
-3.687031000000000148e-09 2.983800000000010186e+02
-3.367306999999999899e-09 2.997799999999988358e+02
-3.367820999999999965e-09 3.011800000000002910e+02
-3.556516000000000005e-09 3.025799999999981083e+02
-3.256237000000000199e-09 3.039799999999995634e+02
-3.384330999999999943e-09 3.053699999999989814e+02
-3.514381999999999828e-09 3.067599999999983993e+02
-3.804962000000000286e-09 3.081500000000014552e+02
-3.289167000000000001e-09 3.095400000000008731e+02
-3.424054000000000013e-09 3.109500000000007276e+02
-3.291474999999999948e-09 3.123400000000001455e+02
-3.064389000000000098e-09 3.137400000000016007e+02
-3.681719000000000074e-09 3.151300000000010186e+02
-3.228734999999999811e-09 3.165200000000004366e+02
-3.727060999999999647e-09 3.179199999999982538e+02
-3.422784999999999984e-09 3.193199999999997090e+02
-3.901690000000000410e-09 3.207099999999991269e+02
-3.926720000000000271e-09 3.220999999999985448e+02
-3.389456999999999869e-09 3.235000000000000000e+02
-3.355184999999999928e-09 3.248899999999994179e+02
-3.312188000000000102e-09 3.262900000000008731e+02
-3.397887999999999920e-09 3.276899999999986903e+02
-3.556922999999999878e-09 3.290900000000001455e+02
-3.633775999999999798e-09 3.304700000000011642e+02
-3.391890999999999863e-09 3.318499999999985448e+02
-3.580416999999999797e-09 3.332400000000016007e+02
-3.407021999999999901e-09 3.346300000000010186e+02
-3.380026999999999830e-09 3.360299999999988358e+02
-3.733799999999999659e-09 3.374199999999982538e+02
-3.212009000000000049e-09 3.388199999999997090e+02
-3.501843000000000105e-09 3.402099999999991269e+02
-3.599519999999999994e-09 3.416199999999989814e+02
-3.628133000000000090e-09 3.430000000000000000e+02
-3.287637999999999809e-09 3.443899999999994179e+02
-3.294117999999999977e-09 3.457900000000008731e+02
-3.776955999999999711e-09 3.471699999999982538e+02
-3.651204999999999904e-09 3.485699999999997090e+02
-3.626637000000000078e-09 3.499599999999991269e+02
-3.624477000000000159e-09 3.513499999999985448e+02
-3.838835000000000010e-09 3.527299999999995634e+02
-3.267022999999999876e-09 3.541300000000010186e+02
-3.281510000000000179e-09 3.555200000000004366e+02
-3.480134000000000092e-09 3.569000000000014552e+02
-3.514660999999999843e-09 3.582900000000008731e+02
-3.426859999999999889e-09 3.596800000000002910e+02
-3.512779999999999940e-09 3.610900000000001455e+02
-3.241836999999999917e-09 3.624900000000016007e+02
-3.433161000000000073e-09 3.638899999999994179e+02
-3.424952999999999970e-09 3.652900000000008731e+02
-3.667464000000000106e-09 3.666899999999986903e+02
-3.142758000000000202e-09 3.680799999999981083e+02
-3.444881000000000111e-09 3.694700000000011642e+02
-3.704615999999999938e-09 3.708800000000010186e+02
-3.424914999999999851e-09 3.722900000000008731e+02
-3.431739000000000075e-09 3.736699999999982538e+02
-3.830314999999999713e-09 3.750699999999997090e+02
-3.612505999999999933e-09 3.764500000000007276e+02
-3.475419999999999978e-09 3.778499999999985448e+02
-3.144086000000000014e-09 3.792500000000000000e+02
-3.025878999999999990e-09 3.806399999999994179e+02
-3.614445000000000126e-09 3.820400000000008731e+02
-3.512923999999999935e-09 3.834199999999982538e+02
-3.478551000000000058e-09 3.848100000000013097e+02
-3.273083000000000163e-09 3.862000000000007276e+02
-3.315635999999999902e-09 3.875900000000001455e+02
-3.404670999999999895e-09 3.889900000000016007e+02
-3.294584000000000046e-09 3.904000000000014552e+02
-3.320250999999999891e-09 3.917999999999992724e+02
-3.713510999999999834e-09 3.932099999999991269e+02
-3.509495999999999892e-09 3.945999999999985448e+02
-3.168930000000000140e-09 3.960000000000000000e+02
-3.992088000000000204e-09 3.973899999999994179e+02
-3.516783999999999961e-09 3.987799999999988358e+02
-3.327425000000000015e-09 4.001699999999982538e+02
-3.262938000000000091e-09 4.015600000000013097e+02
-3.420847000000000109e-09 4.029500000000007276e+02
-3.543709999999999956e-09 4.043499999999985448e+02
-4.052534999999999799e-09 4.057400000000016007e+02
-3.604396999999999956e-09 4.071199999999989814e+02
-3.279609000000000105e-09 4.085000000000000000e+02
-3.599171999999999904e-09 4.099000000000014552e+02
-3.413332999999999963e-09 4.112799999999988358e+02
-3.765620000000000072e-09 4.126699999999982538e+02
-3.389499999999999927e-09 4.140600000000013097e+02
-3.438041000000000163e-09 4.154500000000007276e+02
-3.512596000000000016e-09 4.168400000000001455e+02
