-2.157182000000000006e-09 0.000000000000000000e+00
-2.310647999999999857e-09 2.000000000000000000e+00
-2.299824999999999965e-09 3.000000000000000000e+00
-2.215404999999999961e-09 5.000000000000000000e+00
-2.188132000000000194e-09 6.000000000000000000e+00
-2.377443000000000141e-09 8.000000000000000000e+00
-1.977325999999999795e-09 9.000000000000000000e+00
-2.370748999999999999e-09 1.000000000000000000e+01
-2.250395999999999970e-09 1.200000000000000000e+01
-2.200786000000000180e-09 1.300000000000000000e+01
-2.207762000000000053e-09 1.400000000000000000e+01
-2.347574999999999930e-09 1.600000000000000000e+01
-2.233968999999999981e-09 1.700000000000000000e+01
-2.363704000000000051e-09 1.900000000000000000e+01
-2.378700000000000068e-09 2.000000000000000000e+01
-2.337018000000000046e-09 2.100000000000000000e+01
-2.417556000000000042e-09 2.300000000000000000e+01
-2.068383999999999875e-09 2.400000000000000000e+01
-2.357212000000000193e-09 2.500000000000000000e+01
-2.506657999999999886e-09 2.700000000000000000e+01
-2.654071999999999931e-09 2.800000000000000000e+01
-2.213498000000000042e-09 2.900000000000000000e+01
-2.460926000000000069e-09 3.100000000000000000e+01
-2.498800000000000098e-09 3.200000000000000000e+01
-2.150189000000000091e-09 3.400000000000000000e+01
-2.319653000000000075e-09 3.500000000000000000e+01
-2.549450000000000125e-09 3.700000000000000000e+01
-2.186903999999999999e-09 3.800000000000000000e+01
-2.325018999999999992e-09 3.900000000000000000e+01
-2.443935000000000205e-09 4.100000000000000000e+01
