-7.362608999999999857e-07 1.000000000000000000e+00
-7.206427999999999657e-07 2.000000000000000000e+00
-7.251544000000000311e-07 4.000000000000000000e+00
-7.221436000000000158e-07 5.000000000000000000e+00
-7.201761999999999608e-07 6.000000000000000000e+00
-7.360563000000000131e-07 8.000000000000000000e+00
-7.296626000000000450e-07 9.000000000000000000e+00
-7.250126999999999525e-07 1.100000000000000000e+01
-7.266903999999999729e-07 1.200000000000000000e+01
-7.507529000000000072e-07 1.300000000000000000e+01
-7.372265000000000006e-07 1.500000000000000000e+01
-7.371048000000000505e-07 1.600000000000000000e+01
-7.210515000000000030e-07 1.800000000000000000e+01
-7.368637999999999626e-07 1.900000000000000000e+01
-7.409245999999999509e-07 2.000000000000000000e+01
-7.367759999999999530e-07 2.200000000000000000e+01
-7.383379999999999772e-07 2.300000000000000000e+01
-7.433195999999999931e-07 2.400000000000000000e+01
-7.261824999999999713e-07 2.600000000000000000e+01
-7.372359000000000060e-07 2.700000000000000000e+01
-7.347911999999999894e-07 2.800000000000000000e+01
-7.250870999999999521e-07 3.000000000000000000e+01
-7.291708000000000008e-07 3.100000000000000000e+01
-7.309405000000000196e-07 3.300000000000000000e+01
-7.404676000000000415e-07 3.400000000000000000e+01
-7.285184000000000340e-07 3.500000000000000000e+01
-7.320206999999999581e-07 3.700000000000000000e+01
-7.181507999999999987e-07 3.800000000000000000e+01
-7.255766000000000175e-07 4.000000000000000000e+01
-7.344111999999999820e-07 4.100000000000000000e+01
