-4.048072999999999882e-10 1.000000000000000000e+00
-3.896625999999999775e-10 2.000000000000000000e+00
-3.804511999999999838e-10 4.000000000000000000e+00
-4.282257999999999834e-10 5.000000000000000000e+00
-4.442160999999999897e-10 6.000000000000000000e+00
-4.181388999999999756e-10 8.000000000000000000e+00
-4.191067999999999759e-10 9.000000000000000000e+00
-4.001586999999999905e-10 1.100000000000000000e+01
-4.222456999999999887e-10 1.200000000000000000e+01
-4.496434999999999890e-10 1.300000000000000000e+01
-4.172267999999999783e-10 1.500000000000000000e+01
-3.855692999999999767e-10 1.600000000000000000e+01
-4.436821999999999901e-10 1.700000000000000000e+01
-4.686769000000000238e-10 1.900000000000000000e+01
-4.320412000000000094e-10 2.000000000000000000e+01
-4.125859000000000052e-10 2.200000000000000000e+01
-3.888122000000000028e-10 2.300000000000000000e+01
-4.488023999999999804e-10 2.400000000000000000e+01
-4.319817999999999961e-10 2.600000000000000000e+01
-3.901463999999999815e-10 2.700000000000000000e+01
-4.414038999999999981e-10 2.900000000000000000e+01
-3.893896000000000137e-10 3.000000000000000000e+01
-4.322094000000000150e-10 3.100000000000000000e+01
-4.047509999999999809e-10 3.300000000000000000e+01
-4.071804000000000077e-10 3.400000000000000000e+01
-3.875509999999999783e-10 3.500000000000000000e+01
-4.043661000000000188e-10 3.700000000000000000e+01
-4.031419000000000014e-10 3.800000000000000000e+01
-4.172418000000000036e-10 4.000000000000000000e+01
-4.074227999999999882e-10 4.100000000000000000e+01
-4.075302999999999798e-10 4.200000000000000000e+01
-4.419505000000000136e-10 4.400000000000000000e+01
-3.833123000000000020e-10 4.500000000000000000e+01
-3.748134000000000201e-10 4.600000000000000000e+01
-4.122045000000000214e-10 4.800000000000000000e+01
-3.336882000000000079e-10 4.900000000000000000e+01
-3.974424999999999952e-10 5.000000000000000000e+01
-3.930585000000000236e-10 5.200000000000000000e+01
-4.014705999999999950e-10 5.300000000000000000e+01
-3.639861999999999791e-10 5.500000000000000000e+01
-4.723705000000000492e-10 5.600000000000000000e+01
-4.509731000000000006e-10 5.700000000000000000e+01
-3.956973999999999864e-10 5.900000000000000000e+01
-3.761780000000000218e-10 6.000000000000000000e+01
-4.247977999999999928e-10 6.200000000000000000e+01
-4.390194999999999955e-10 6.300000000000000000e+01
-4.344391000000000244e-10 6.400000000000000000e+01
-4.342847000000000234e-10 6.600000000000000000e+01
-3.924096000000000198e-10 6.700000000000000000e+01
-4.618364000000000204e-10 6.800000000000000000e+01
