-7.394646999999999973e-10 0.000000000000000000e+00
-7.413315000000000264e-10 2.000000000000000000e+00
-7.426491999999999670e-10 3.000000000000000000e+00
-7.274368999999999657e-10 4.000000000000000000e+00
-7.101200000000000252e-10 6.000000000000000000e+00
-7.616457000000000265e-10 7.000000000000000000e+00
-7.298786999999999644e-10 9.000000000000000000e+00
-7.117986000000000322e-10 1.000000000000000000e+01
-7.169148999999999683e-10 1.200000000000000000e+01
-7.365254999999999502e-10 1.300000000000000000e+01
-7.035222000000000462e-10 1.400000000000000000e+01
-7.202476000000000306e-10 1.500000000000000000e+01
-7.168369000000000230e-10 1.700000000000000000e+01
-7.266213000000000207e-10 1.800000000000000000e+01
-7.257352000000000397e-10 2.000000000000000000e+01
-7.029133000000000236e-10 2.100000000000000000e+01
-7.231935000000000421e-10 2.200000000000000000e+01
-7.244429999999999560e-10 2.400000000000000000e+01
-7.239764000000000064e-10 2.500000000000000000e+01
-7.232470999999999643e-10 2.700000000000000000e+01
-7.621213999999999817e-10 2.800000000000000000e+01
-7.190693999999999943e-10 3.000000000000000000e+01
-7.381615000000000260e-10 3.100000000000000000e+01
-7.366270999999999739e-10 3.200000000000000000e+01
-7.017625000000000362e-10 3.300000000000000000e+01
-7.164324000000000168e-10 3.500000000000000000e+01
-7.441576000000000029e-10 3.600000000000000000e+01
-7.154380000000000476e-10 3.800000000000000000e+01
-7.606117000000000484e-10 3.900000000000000000e+01
-7.153407000000000504e-10 4.000000000000000000e+01
