-1.349289000000000096e-09 0.000000000000000000e+00
-1.228631000000000035e-09 2.000000000000000000e+00
-1.302567000000000058e-09 3.000000000000000000e+00
-1.266329000000000002e-09 4.000000000000000000e+00
-1.268706000000000023e-09 6.000000000000000000e+00
-1.243394999999999923e-09 7.000000000000000000e+00
-1.347196000000000028e-09 8.000000000000000000e+00
-1.191548999999999976e-09 1.000000000000000000e+01
-1.274716999999999994e-09 1.100000000000000000e+01
-1.359896999999999900e-09 1.300000000000000000e+01
-1.364240999999999942e-09 1.400000000000000000e+01
-1.439338000000000102e-09 1.500000000000000000e+01
-1.313771000000000012e-09 1.700000000000000000e+01
-1.120133999999999970e-09 1.800000000000000000e+01
-1.226936999999999979e-09 2.000000000000000000e+01
-1.324891000000000073e-09 2.100000000000000000e+01
-1.709390000000000029e-09 2.200000000000000000e+01
-1.294943000000000002e-09 2.400000000000000000e+01
-1.280738999999999955e-09 2.500000000000000000e+01
-1.304349000000000042e-09 2.700000000000000000e+01
-1.236341999999999906e-09 2.800000000000000000e+01
-1.325465000000000034e-09 2.900000000000000000e+01
-1.244606000000000076e-09 3.100000000000000000e+01
-1.227394000000000073e-09 3.200000000000000000e+01
-1.345529000000000100e-09 3.300000000000000000e+01
-1.236803000000000035e-09 3.500000000000000000e+01
-1.258944999999999937e-09 3.600000000000000000e+01
-1.200979000000000015e-09 3.800000000000000000e+01
-1.360378999999999899e-09 3.900000000000000000e+01
-1.207851999999999936e-09 4.000000000000000000e+01
-1.135653999999999933e-09 4.200000000000000000e+01
-1.306067000000000097e-09 4.300000000000000000e+01
-1.269111000000000086e-09 4.500000000000000000e+01
-1.290306000000000032e-09 4.600000000000000000e+01
-1.306028999999999978e-09 4.700000000000000000e+01
-1.235400000000000097e-09 4.900000000000000000e+01
-1.200652999999999907e-09 5.000000000000000000e+01
-1.213870000000000069e-09 5.100000000000000000e+01
-1.268684000000000041e-09 5.300000000000000000e+01
-1.238443000000000042e-09 5.400000000000000000e+01
-1.230908000000000026e-09 5.600000000000000000e+01
-1.197897000000000046e-09 5.700000000000000000e+01
-1.309167000000000014e-09 5.800000000000000000e+01
-1.219338000000000034e-09 6.000000000000000000e+01
-1.183636000000000027e-09 6.100000000000000000e+01
-1.185732000000000016e-09 6.200000000000000000e+01
-1.213606999999999984e-09 6.400000000000000000e+01
-1.190061999999999938e-09 6.500000000000000000e+01
-1.312887000000000080e-09 6.700000000000000000e+01
-1.162402000000000056e-09 6.800000000000000000e+01
