-1.540981999999999922e-08 0.000000000000000000e+00
-1.452750000000000055e-08 1.000000000000000000e+00
-1.474814000000000073e-08 3.000000000000000000e+00
-1.525553000000000015e-08 4.000000000000000000e+00
-1.499283999999999928e-08 6.000000000000000000e+00
-1.532931000000000070e-08 7.000000000000000000e+00
-1.598096999999999967e-08 8.000000000000000000e+00
-1.529411999999999971e-08 1.000000000000000000e+01
-1.513908999999999968e-08 1.100000000000000000e+01
-1.531075000000000030e-08 1.300000000000000000e+01
-1.512407999999999933e-08 1.400000000000000000e+01
-1.568172000000000114e-08 1.500000000000000000e+01
-1.562657000000000015e-08 1.700000000000000000e+01
-1.568123000000000045e-08 1.800000000000000000e+01
-1.462054999999999952e-08 2.000000000000000000e+01
-1.514691000000000100e-08 2.100000000000000000e+01
-1.595522000000000025e-08 2.200000000000000000e+01
-1.494520999999999993e-08 2.400000000000000000e+01
-1.507011000000000060e-08 2.500000000000000000e+01
-1.560959000000000048e-08 2.700000000000000000e+01
-1.468656999999999967e-08 2.800000000000000000e+01
-1.552268000000000000e-08 2.900000000000000000e+01
-1.558417000000000038e-08 3.000000000000000000e+01
-1.544813999999999873e-08 3.200000000000000000e+01
-1.565265999999999876e-08 3.300000000000000000e+01
-1.560299000000000094e-08 3.500000000000000000e+01
-1.528669000000000028e-08 3.600000000000000000e+01
-1.555032999999999959e-08 3.800000000000000000e+01
-1.546451999999999904e-08 3.900000000000000000e+01
-1.626404999999999865e-08 4.000000000000000000e+01
