-4.081337999999999870e-10 0.000000000000000000e+00
-4.110867000000000069e-10 1.000000000000000000e+00
-4.114969000000000206e-10 3.000000000000000000e+00
-4.088687000000000048e-10 4.000000000000000000e+00
-4.150319999999999788e-10 6.000000000000000000e+00
-4.083298000000000141e-10 7.000000000000000000e+00
-4.072832999999999805e-10 8.000000000000000000e+00
-4.291480999999999752e-10 1.000000000000000000e+01
-4.082599000000000141e-10 1.100000000000000000e+01
-4.244417000000000089e-10 1.200000000000000000e+01
-4.212571999999999874e-10 1.400000000000000000e+01
-4.139236000000000139e-10 1.500000000000000000e+01
-4.099044000000000078e-10 1.700000000000000000e+01
-4.078523000000000020e-10 1.800000000000000000e+01
-4.585439000000000030e-10 2.000000000000000000e+01
-4.167587999999999960e-10 2.100000000000000000e+01
-4.118571999999999992e-10 2.200000000000000000e+01
-4.123345999999999794e-10 2.400000000000000000e+01
-4.080312000000000064e-10 2.500000000000000000e+01
-4.086259999999999804e-10 2.600000000000000000e+01
