-3.636376000000000182e-09 3.899999999994179234e-01
-3.697448999999999977e-09 1.799999999999272404e+00
-3.446242000000000102e-09 3.189999999998690328e+00
-3.488841000000000029e-09 4.590000000000145519e+00
-3.738084999999999918e-09 5.979999999999563443e+00
-3.717436999999999805e-09 7.369999999998981366e+00
-3.475902000000000184e-09 8.759999999998399289e+00
-3.474896000000000033e-09 1.013999999999941792e+01
-3.456057999999999937e-09 1.154000000000087311e+01
-3.103735999999999838e-09 1.293999999999869033e+01
-3.617018000000000175e-09 1.434000000000014552e+01
-3.666640000000000069e-09 1.572999999999956344e+01
-3.677052000000000053e-09 1.713000000000101863e+01
-3.627950000000000071e-09 1.852000000000043656e+01
-3.383332999999999860e-09 1.990000000000145519e+01
-3.434806000000000019e-09 2.129999999999927240e+01
-3.371653000000000165e-09 2.270000000000072760e+01
-3.642527000000000113e-09 2.408000000000174623e+01
-3.478198999999999933e-09 2.547000000000116415e+01
-3.600138000000000126e-09 2.686999999999898137e+01
-3.511894999999999896e-09 2.827000000000043656e+01
-3.303269999999999906e-09 2.967000000000189175e+01
-3.455058999999999949e-09 3.106000000000130967e+01
-3.235229999999999797e-09 3.245999999999912689e+01
-3.592724999999999916e-09 3.384999999999854481e+01
-3.388451000000000131e-09 3.524000000000160071e+01
-3.543594000000000202e-09 3.663999999999941792e+01
-3.238563000000000162e-09 3.802000000000043656e+01
-3.316959000000000188e-09 3.940999999999985448e+01
-3.344593000000000054e-09 4.079999999999927240e+01
-3.325718000000000157e-09 4.218000000000029104e+01
-3.554988000000000132e-09 4.356999999999970896e+01
-3.210400999999999903e-09 4.495999999999912689e+01
-3.713370999999999873e-09 4.634999999999854481e+01
-3.839077000000000225e-09 4.774000000000160071e+01
-3.388771999999999886e-09 4.913000000000101863e+01
-3.439957000000000056e-09 5.052999999999883585e+01
-3.812225999999999735e-09 5.193000000000029104e+01
-4.034082999999999913e-09 5.331000000000130967e+01
-3.836999000000000390e-09 5.470999999999912689e+01
-3.649196000000000144e-09 5.609000000000014552e+01
-3.711049999999999918e-09 5.747000000000116415e+01
-3.189646000000000009e-09 5.886999999999898137e+01
-3.535490000000000165e-09 6.027000000000043656e+01
-3.451559000000000116e-09 6.168000000000029104e+01
-3.459817000000000027e-09 6.308000000000174623e+01
-3.384932000000000032e-09 6.447999999999956344e+01
-3.512787000000000104e-09 6.588000000000101863e+01
-3.470752999999999957e-09 6.727999999999883585e+01
-3.579909999999999893e-09 6.868000000000029104e+01
-3.138511999999999967e-09 7.008000000000174623e+01
-3.219019000000000007e-09 7.147999999999956344e+01
-3.471421999999999802e-09 7.286000000000058208e+01
-3.045699000000000031e-09 7.425999999999839929e+01
-3.708179999999999906e-09 7.565999999999985448e+01
-3.371885000000000087e-09 7.704999999999927240e+01
-3.445746999999999888e-09 7.845000000000072760e+01
-3.538325000000000186e-09 7.984000000000014552e+01
-3.556974000000000005e-09 8.122999999999956344e+01
-3.410301000000000009e-09 8.263000000000101863e+01
-3.457584999999999905e-09 8.402000000000043656e+01
-3.166004999999999967e-09 8.540000000000145519e+01
-3.824367000000000386e-09 8.679999999999927240e+01
-3.413037999999999810e-09 8.818999999999869033e+01
-3.303866999999999961e-09 8.958000000000174623e+01
-3.878906999999999662e-09 9.097000000000116415e+01
-4.033396000000000120e-09 9.236000000000058208e+01
-3.340773999999999862e-09 9.374000000000160071e+01
-3.538501999999999947e-09 9.513000000000101863e+01
-3.255574000000000198e-09 9.652000000000043656e+01
-3.280552000000000026e-09 9.792000000000189175e+01
-3.464077000000000176e-09 9.929999999999927240e+01
-3.476750999999999919e-09 1.007000000000007276e+02
-3.578268999999999982e-09 1.020999999999985448e+02
-3.445971000000000156e-09 1.034799999999995634e+02
-3.314134000000000045e-09 1.048800000000010186e+02
-3.423682000000000131e-09 1.062799999999988358e+02
-3.692771000000000172e-09 1.076599999999998545e+02
-3.914288000000000328e-09 1.090499999999992724e+02
-3.349211000000000171e-09 1.104500000000007276e+02
-3.454111999999999993e-09 1.118400000000001455e+02
-3.672754000000000199e-09 1.132299999999995634e+02
-3.299190999999999966e-09 1.146199999999989814e+02
-3.744202999999999669e-09 1.160000000000000000e+02
-3.226274999999999801e-09 1.173899999999994179e+02
-3.190159000000000171e-09 1.187799999999988358e+02
-3.157151999999999811e-09 1.201800000000002910e+02
-3.295606999999999826e-09 1.215800000000017462e+02
-3.449591000000000191e-09 1.229799999999995634e+02
-3.545624999999999944e-09 1.243600000000005821e+02
-3.843961999999999841e-09 1.257500000000000000e+02
-3.211080999999999946e-09 1.271500000000014552e+02
-3.447241000000000090e-09 1.285400000000008731e+02
-3.289831999999999812e-09 1.299300000000002910e+02
-4.213470999999999832e-09 1.313199999999997090e+02
-3.342683999999999910e-09 1.327099999999991269e+02
-3.762610000000000100e-09 1.340999999999985448e+02
-3.575228000000000054e-09 1.354799999999995634e+02
-3.194261999999999903e-09 1.368699999999989814e+02
-3.247743999999999823e-09 1.382599999999983993e+02
-3.310099999999999974e-09 1.396399999999994179e+02
-3.443028999999999940e-09 1.410299999999988358e+02
-3.482246999999999918e-09 1.424200000000018917e+02
-3.326709999999999982e-09 1.438100000000013097e+02
-3.512412999999999997e-09 1.452200000000011642e+02
-3.517943000000000080e-09 1.466100000000005821e+02
-3.163924999999999908e-09 1.480000000000000000e+02
-3.383177000000000176e-09 1.493899999999994179e+02
-3.255440000000000082e-09 1.507900000000008731e+02
-3.204145000000000002e-09 1.521800000000002910e+02
-3.536402000000000130e-09 1.535699999999997090e+02
-3.652669999999999961e-09 1.549500000000007276e+02
-3.399809000000000166e-09 1.563400000000001455e+02
-3.603890999999999958e-09 1.577200000000011642e+02
-3.510118999999999964e-09 1.591199999999989814e+02
-3.427084000000000157e-09 1.605000000000000000e+02
-3.487948999999999822e-09 1.618899999999994179e+02
-3.722500999999999820e-09 1.632900000000008731e+02
-3.357277999999999995e-09 1.646899999999986903e+02
-3.452396000000000162e-09 1.660800000000017462e+02
-3.474481999999999997e-09 1.674700000000011642e+02
-3.465727000000000061e-09 1.688600000000005821e+02
-3.565222000000000037e-09 1.702500000000000000e+02
-3.407980999999999959e-09 1.716399999999994179e+02
-3.148374999999999894e-09 1.730499999999992724e+02
-3.673769999999999815e-09 1.744399999999986903e+02
-3.298239999999999976e-09 1.758400000000001455e+02
-3.547124999999999991e-09 1.772400000000016007e+02
-3.497668000000000169e-09 1.786300000000010186e+02
-3.938202999999999620e-09 1.800400000000008731e+02
-3.483560999999999816e-09 1.814300000000002910e+02
-3.300478999999999848e-09 1.828100000000013097e+02
-3.403762999999999964e-09 1.842000000000007276e+02
-3.515238000000000140e-09 1.855900000000001455e+02
-3.847536000000000102e-09 1.869700000000011642e+02
-3.314353999999999865e-09 1.883600000000005821e+02
-3.661724000000000083e-09 1.897599999999983993e+02
-3.277076999999999891e-09 1.911599999999998545e+02
-3.669477999999999806e-09 1.925699999999997090e+02
-3.667748999999999966e-09 1.939599999999991269e+02
-3.597844000000000092e-09 1.953499999999985448e+02
-3.639286000000000123e-09 1.967299999999995634e+02
-3.577972000000000019e-09 1.981300000000010186e+02
-3.842354000000000109e-09 1.995099999999983993e+02
-3.451825000000000123e-09 2.009000000000014552e+02
-3.759927999999999633e-09 2.022900000000008731e+02
-3.598199999999999838e-09 2.036800000000002910e+02
-3.262502999999999978e-09 2.050900000000001455e+02
-3.843232000000000403e-09 2.064900000000016007e+02
-3.260015000000000141e-09 2.078800000000010186e+02
-3.219559000000000090e-09 2.092700000000004366e+02
-3.346932999999999861e-09 2.106599999999998545e+02
-4.022223999999999820e-09 2.120499999999992724e+02
-3.626964000000000091e-09 2.134599999999991269e+02
-3.604703999999999798e-09 2.148499999999985448e+02
-3.626759999999999995e-09 2.162400000000016007e+02
-3.800439000000000260e-09 2.176399999999994179e+02
-4.126462000000000055e-09 2.190299999999988358e+02
-3.194853000000000114e-09 2.204200000000018917e+02
-3.456384000000000045e-09 2.218100000000013097e+02
-3.487515000000000028e-09 2.232000000000007276e+02
-3.806379000000000345e-09 2.245999999999985448e+02
-3.396863999999999821e-09 2.259900000000016007e+02
-3.440519000000000121e-09 2.273899999999994179e+02
-3.398392000000000107e-09 2.287799999999988358e+02
-3.512477000000000133e-09 2.301599999999998545e+02
-3.691233000000000006e-09 2.315499999999992724e+02
-3.627716999999999830e-09 2.329399999999986903e+02
-3.595538999999999861e-09 2.343400000000001455e+02
-3.263555999999999809e-09 2.357200000000011642e+02
-3.442793999999999888e-09 2.371199999999989814e+02
-3.080354000000000052e-09 2.385200000000004366e+02
-3.326283999999999843e-09 2.399099999999998545e+02
-3.137508999999999944e-09 2.412999999999992724e+02
-3.240841999999999964e-09 2.427000000000007276e+02
-3.524230999999999842e-09 2.440800000000017462e+02
-3.952856999999999805e-09 2.454700000000011642e+02
-3.538984000000000153e-09 2.468600000000005821e+02
-3.474089000000000037e-09 2.482400000000016007e+02
-3.397672000000000135e-09 2.496300000000010186e+02
-3.733189999999999596e-09 2.510299999999988358e+02
-3.733646999999999690e-09 2.524099999999998545e+02
-3.376347000000000107e-09 2.537999999999992724e+02
-3.731035000000000031e-09 2.552000000000007276e+02
-3.225762999999999958e-09 2.566100000000005821e+02
-3.201468999999999794e-09 2.579900000000016007e+02
-3.613854999999999821e-09 2.593800000000010186e+02
-3.195067000000000088e-09 2.607799999999988358e+02
-3.151133000000000186e-09 2.621700000000018917e+02
-3.749517000000000381e-09 2.635699999999997090e+02
-3.428803000000000117e-09 2.649599999999991269e+02
-3.587680000000000167e-09 2.663499999999985448e+02
-3.390883999999999806e-09 2.677500000000000000e+02
-3.331618999999999804e-09 2.691399999999994179e+02
-3.652857000000000014e-09 2.705200000000004366e+02
-3.401987999999999936e-09 2.719000000000014552e+02
-3.591758000000000202e-09 2.732999999999992724e+02
-3.392974000000000158e-09 2.746800000000002910e+02
-3.514127999999999924e-09 2.760699999999997090e+02
-3.300563000000000155e-09 2.774700000000011642e+02
-3.573134999999999987e-09 2.788600000000005821e+02
-3.517468999999999943e-09 2.802500000000000000e+02
-3.231136999999999944e-09 2.816500000000014552e+02
-3.198439999999999969e-09 2.830400000000008731e+02
-3.637321999999999819e-09 2.844300000000002910e+02
-3.483973000000000042e-09 2.858199999999997090e+02
-3.944918999999999744e-09 2.872000000000007276e+02
-3.283466999999999907e-09 2.885900000000001455e+02
-3.436847000000000054e-09 2.899700000000011642e+02
-3.450413999999999910e-09 2.913699999999989814e+02
-3.368807999999999850e-09 2.927700000000004366e+02
-3.259071999999999807e-09 2.941599999999998545e+02
-3.704636000000000110e-09 2.955499999999992724e+02
-3.107081999999999797e-09 2.969300000000002910e+02
-3.046903000000000020e-09 2.983199999999997090e+02
-3.348501999999999983e-09 2.997000000000007276e+02
-3.461129000000000115e-09 3.010999999999985448e+02
-3.258257000000000156e-09 3.024799999999995634e+02
-3.337819000000000052e-09 3.038800000000010186e+02
-3.376063000000000153e-09 3.052900000000008731e+02
-3.780848999999999917e-09 3.066800000000002910e+02
-3.396038999999999878e-09 3.080600000000013097e+02
-3.534779000000000166e-09 3.094500000000007276e+02
-3.512796999999999983e-09 3.108400000000001455e+02
-3.652150999999999954e-09 3.122200000000011642e+02
-3.453606999999999901e-09 3.136199999999989814e+02
-3.430998999999999931e-09 3.150000000000000000e+02
-3.814459000000000176e-09 3.163800000000010186e+02
-3.341644999999999993e-09 3.177700000000004366e+02
-3.189755999999999919e-09 3.191599999999998545e+02
-3.818557000000000383e-09 3.205499999999992724e+02
-3.399598999999999812e-09 3.219500000000007276e+02
-3.482993999999999812e-09 3.233400000000001455e+02
-3.518166999999999934e-09 3.247299999999995634e+02
-3.887682000000000183e-09 3.261399999999994179e+02
-3.589178999999999895e-09 3.275400000000008731e+02
-3.383179999999999891e-09 3.289399999999986903e+02
-3.277599000000000026e-09 3.303300000000017462e+02
-3.563081999999999877e-09 3.317099999999991269e+02
-3.292509999999999831e-09 3.331100000000005821e+02
-3.842020999999999838e-09 3.345000000000000000e+02
-3.153708000000000045e-09 3.359000000000014552e+02
-3.379968000000000048e-09 3.372999999999992724e+02
-3.542759999999999872e-09 3.386800000000002910e+02
-3.143666000000000133e-09 3.400800000000017462e+02
-3.728462999999999887e-09 3.414700000000011642e+02
-3.307888999999999929e-09 3.428600000000005821e+02
-3.447594000000000120e-09 3.442500000000000000e+02
-3.972336000000000333e-09 3.456300000000010186e+02
-3.602707000000000141e-09 3.470400000000008731e+02
-3.290575999999999991e-09 3.484300000000002910e+02
-3.299539999999999961e-09 3.498300000000017462e+02
-3.758957000000000299e-09 3.512200000000011642e+02
-3.594979999999999925e-09 3.526199999999989814e+02
-3.539479999999999858e-09 3.540099999999983993e+02
-3.561985000000000082e-09 3.554000000000014552e+02
-3.345955999999999855e-09 3.567999999999992724e+02
-3.437363999999999836e-09 3.581899999999986903e+02
-3.294344000000000055e-09 3.595800000000017462e+02
-3.491335000000000124e-09 3.609599999999991269e+02
-3.438230000000000027e-09 3.623499999999985448e+02
-3.425616999999999876e-09 3.637299999999995634e+02
-3.501683999999999878e-09 3.651300000000010186e+02
-3.324831999999999795e-09 3.665099999999983993e+02
-3.803137000000000037e-09 3.679000000000014552e+02
-3.770990999999999929e-09 3.692900000000008731e+02
-3.516460999999999982e-09 3.706800000000002910e+02
-3.451547999999999918e-09 3.720800000000017462e+02
-3.638026000000000068e-09 3.734700000000011642e+02
-4.049669000000000235e-09 3.748499999999985448e+02
-3.187468000000000144e-09 3.762400000000016007e+02
-3.453558999999999902e-09 3.776300000000010186e+02
-3.997298000000000024e-09 3.790200000000004366e+02
-3.430003000000000072e-09 3.804000000000014552e+02
-3.434007999999999998e-09 3.817999999999992724e+02
-3.196808000000000031e-09 3.831899999999986903e+02
-3.847018999999999906e-09 3.845800000000017462e+02
-3.787177999999999927e-09 3.859700000000011642e+02
-3.547564000000000138e-09 3.873800000000010186e+02
-3.358762999999999809e-09 3.887700000000004366e+02
-3.163091999999999896e-09 3.901500000000014552e+02
-3.402899999999999902e-09 3.915400000000008731e+02
-3.519767000000000011e-09 3.929399999999986903e+02
-3.430901000000000124e-09 3.943400000000001455e+02
-3.409681000000000067e-09 3.957299999999995634e+02
-3.295514999999999864e-09 3.971199999999989814e+02
-3.522798000000000060e-09 3.985099999999983993e+02
-3.637072999999999854e-09 3.999000000000014552e+02
-3.589313999999999916e-09 4.012999999999992724e+02
-3.148627999999999893e-09 4.027000000000007276e+02
-3.549187000000000102e-09 4.041100000000005821e+02
-3.320860000000000049e-09 4.054900000000016007e+02
-3.467795999999999923e-09 4.068800000000010186e+02
-3.347127000000000078e-09 4.082500000000000000e+02
-3.455040000000000096e-09 4.096500000000014552e+02
-3.341095000000000031e-09 4.110400000000008731e+02
-3.519731000000000116e-09 4.124300000000002910e+02
-3.181307999999999826e-09 4.138199999999997090e+02
-3.263328999999999826e-09 4.152200000000011642e+02
-3.244268000000000196e-09 4.166100000000005821e+02
