-3.432388000000000162e-09 0.000000000000000000e+00
-3.312520999999999960e-09 2.000000000000000000e+00
-3.548054999999999904e-09 3.000000000000000000e+00
-3.222416000000000094e-09 5.000000000000000000e+00
-3.464554999999999934e-09 6.000000000000000000e+00
-3.388669000000000140e-09 7.000000000000000000e+00
-3.589429000000000179e-09 9.000000000000000000e+00
-3.591237999999999877e-09 1.000000000000000000e+01
-3.668163000000000002e-09 1.100000000000000000e+01
-3.797136000000000359e-09 1.300000000000000000e+01
-3.703088000000000065e-09 1.400000000000000000e+01
-3.731926000000000333e-09 1.600000000000000000e+01
-3.342110000000000156e-09 1.700000000000000000e+01
-3.523417000000000097e-09 1.800000000000000000e+01
-3.611330000000000184e-09 1.900000000000000000e+01
-3.435725000000000148e-09 2.100000000000000000e+01
-3.519178999999999930e-09 2.200000000000000000e+01
-3.455721000000000044e-09 2.400000000000000000e+01
-3.403976000000000033e-09 2.500000000000000000e+01
-3.592406999999999876e-09 2.700000000000000000e+01
