-2.636586999999999965e-10 1.000000000000000000e+00
-2.589819000000000050e-10 2.000000000000000000e+00
-2.669397000000000186e-10 3.000000000000000000e+00
-2.744665999999999857e-10 5.000000000000000000e+00
-2.812592000000000228e-10 6.000000000000000000e+00
-2.690871999999999846e-10 7.000000000000000000e+00
-2.729984999999999750e-10 9.000000000000000000e+00
-2.623840999999999914e-10 1.000000000000000000e+01
-2.679329999999999990e-10 1.200000000000000000e+01
-2.758974999999999771e-10 1.300000000000000000e+01
-2.638782000000000184e-10 1.400000000000000000e+01
-2.705275000000000256e-10 1.600000000000000000e+01
-2.760839999999999743e-10 1.700000000000000000e+01
-2.671053000000000227e-10 1.900000000000000000e+01
-2.733374000000000078e-10 2.000000000000000000e+01
-2.688174999999999870e-10 2.100000000000000000e+01
-2.631975000000000106e-10 2.300000000000000000e+01
-2.765277999999999971e-10 2.400000000000000000e+01
-2.683343000000000191e-10 2.600000000000000000e+01
-2.644035000000000165e-10 2.700000000000000000e+01
-3.100871000000000179e-10 2.800000000000000000e+01
-2.679035999999999846e-10 3.000000000000000000e+01
-2.659695999999999890e-10 3.100000000000000000e+01
-2.780788999999999960e-10 3.200000000000000000e+01
-2.600575999999999892e-10 3.400000000000000000e+01
-2.643344999999999933e-10 3.500000000000000000e+01
-2.849801000000000135e-10 3.700000000000000000e+01
-2.724506000000000104e-10 3.800000000000000000e+01
-2.803826000000000198e-10 3.900000000000000000e+01
-2.792397999999999977e-10 4.100000000000000000e+01
-2.684004999999999770e-10 4.200000000000000000e+01
-2.824914999999999855e-10 4.300000000000000000e+01
-2.834517000000000129e-10 4.500000000000000000e+01
-2.877993999999999936e-10 4.600000000000000000e+01
-2.737260000000000120e-10 4.700000000000000000e+01
-2.945066000000000012e-10 4.900000000000000000e+01
-2.775256999999999963e-10 5.000000000000000000e+01
-2.665115000000000055e-10 5.200000000000000000e+01
-2.738236000000000014e-10 5.300000000000000000e+01
-2.738569000000000183e-10 5.400000000000000000e+01
-2.684802999999999791e-10 5.600000000000000000e+01
-2.680425999999999880e-10 5.700000000000000000e+01
-2.696872999999999937e-10 5.900000000000000000e+01
-2.756676999999999806e-10 6.000000000000000000e+01
-2.691246999999999961e-10 6.100000000000000000e+01
-2.716207999999999850e-10 6.300000000000000000e+01
-2.754498000000000035e-10 6.400000000000000000e+01
-2.774106000000000119e-10 6.600000000000000000e+01
-2.750241999999999921e-10 6.700000000000000000e+01
-2.826531999999999871e-10 6.800000000000000000e+01
