-1.366124000000000011e-07 1.000000000000000000e+00
-1.360071999999999925e-07 2.000000000000000000e+00
-1.350427999999999895e-07 3.000000000000000000e+00
-1.357612000000000047e-07 5.000000000000000000e+00
-1.373222999999999935e-07 6.000000000000000000e+00
-1.358920000000000101e-07 7.000000000000000000e+00
-1.362556000000000042e-07 9.000000000000000000e+00
-1.355184000000000047e-07 1.000000000000000000e+01
-1.339385000000000052e-07 1.100000000000000000e+01
-1.354568000000000089e-07 1.300000000000000000e+01
-1.356527000000000008e-07 1.400000000000000000e+01
-1.364595999999999972e-07 1.600000000000000000e+01
-1.367988999999999876e-07 1.700000000000000000e+01
-1.355989000000000033e-07 1.800000000000000000e+01
-1.379913000000000109e-07 2.000000000000000000e+01
-1.352868000000000015e-07 2.100000000000000000e+01
-1.371011999999999889e-07 2.200000000000000000e+01
-1.370973999999999952e-07 2.400000000000000000e+01
-1.380800999999999951e-07 2.500000000000000000e+01
-1.365701000000000034e-07 2.700000000000000000e+01
