-6.583735999999999815e-10 0.000000000000000000e+00
-7.195678999999999797e-10 2.000000000000000000e+00
-7.162452000000000032e-10 3.000000000000000000e+00
-7.778218999999999938e-10 4.000000000000000000e+00
-7.937914999999999673e-10 6.000000000000000000e+00
-7.508768000000000100e-10 7.000000000000000000e+00
-5.808595999999999739e-10 9.000000000000000000e+00
-7.020992999999999683e-10 1.000000000000000000e+01
-8.561334999999999987e-10 1.100000000000000000e+01
-5.103735000000000471e-10 1.200000000000000000e+01
-7.836239000000000323e-10 1.400000000000000000e+01
-9.098873000000000163e-10 1.500000000000000000e+01
-6.399941000000000451e-10 1.700000000000000000e+01
-6.171083000000000288e-10 1.800000000000000000e+01
-7.254997000000000357e-10 2.000000000000000000e+01
-7.961034999999999486e-10 2.100000000000000000e+01
-7.124337999999999599e-10 2.200000000000000000e+01
-7.240459000000000339e-10 2.400000000000000000e+01
-7.118278000000000345e-10 2.500000000000000000e+01
-6.453708999999999928e-10 2.700000000000000000e+01
-8.475853000000000178e-10 2.800000000000000000e+01
-5.994970000000000237e-10 2.900000000000000000e+01
-7.910314000000000401e-10 3.000000000000000000e+01
-6.441731000000000159e-10 3.200000000000000000e+01
-7.876522000000000441e-10 3.300000000000000000e+01
-7.354696999999999506e-10 3.500000000000000000e+01
-6.531284000000000046e-10 3.600000000000000000e+01
-5.782013000000000307e-10 3.700000000000000000e+01
-5.199098999999999853e-10 3.900000000000000000e+01
-8.098792999999999828e-10 4.000000000000000000e+01
