-8.559353999999999433e-09 0.000000000000000000e+00
-7.537110000000000249e-09 2.000000000000000000e+00
-7.756500000000000667e-09 3.000000000000000000e+00
-7.585428999999999201e-09 5.000000000000000000e+00
-8.069207999999999459e-09 6.000000000000000000e+00
-8.063088000000000725e-09 7.000000000000000000e+00
-8.497551000000000200e-09 9.000000000000000000e+00
-7.905074000000000737e-09 1.000000000000000000e+01
-8.134473000000000474e-09 1.200000000000000000e+01
-8.004393999999999935e-09 1.300000000000000000e+01
-8.805086999999999706e-09 1.400000000000000000e+01
-7.909946000000000346e-09 1.600000000000000000e+01
-8.013404000000000093e-09 1.700000000000000000e+01
-7.810309999999999678e-09 1.900000000000000000e+01
-7.948689000000000695e-09 2.000000000000000000e+01
-7.619164999999999921e-09 2.100000000000000000e+01
-8.184154000000000150e-09 2.300000000000000000e+01
-8.056534999999999621e-09 2.400000000000000000e+01
-8.139411999999999934e-09 2.500000000000000000e+01
-8.008222999999999592e-09 2.700000000000000000e+01
-8.082087000000000444e-09 2.800000000000000000e+01
-8.208812999999999206e-09 2.900000000000000000e+01
-8.417495999999999488e-09 3.100000000000000000e+01
-7.591589999999999424e-09 3.200000000000000000e+01
-8.660575999999999438e-09 3.400000000000000000e+01
-7.495665000000000502e-09 3.500000000000000000e+01
-8.157189999999999208e-09 3.600000000000000000e+01
-8.135842000000000121e-09 3.800000000000000000e+01
-7.880422999999999268e-09 3.900000000000000000e+01
-7.935154000000000700e-09 4.100000000000000000e+01
