-2.771858999999999868e-10 0.000000000000000000e+00
-3.043637999999999928e-10 1.000000000000000000e+00
-2.851611000000000153e-10 3.000000000000000000e+00
-3.043019999999999900e-10 4.000000000000000000e+00
-2.831575999999999921e-10 5.000000000000000000e+00
-2.911016999999999813e-10 7.000000000000000000e+00
-2.841689000000000236e-10 8.000000000000000000e+00
-3.131161999999999780e-10 9.000000000000000000e+00
-2.720649999999999802e-10 1.100000000000000000e+01
-2.832621999999999899e-10 1.200000000000000000e+01
-2.850816999999999855e-10 1.400000000000000000e+01
-3.049972000000000188e-10 1.500000000000000000e+01
-3.087843000000000190e-10 1.700000000000000000e+01
-2.880753000000000030e-10 1.800000000000000000e+01
-2.860223000000000205e-10 1.900000000000000000e+01
-2.825388999999999992e-10 2.100000000000000000e+01
-3.219106999999999935e-10 2.200000000000000000e+01
-3.024310999999999980e-10 2.300000000000000000e+01
-2.872028999999999947e-10 2.500000000000000000e+01
-2.952598999999999908e-10 2.600000000000000000e+01
-3.483765999999999920e-10 2.800000000000000000e+01
-3.004626000000000167e-10 2.900000000000000000e+01
-2.935016999999999937e-10 3.000000000000000000e+01
-2.845464999999999851e-10 3.200000000000000000e+01
-3.303878999999999857e-10 3.300000000000000000e+01
-2.809001000000000131e-10 3.400000000000000000e+01
-2.879589000000000177e-10 3.600000000000000000e+01
-2.997357000000000158e-10 3.700000000000000000e+01
-2.886791999999999827e-10 3.900000000000000000e+01
-2.724156000000000203e-10 4.000000000000000000e+01
-3.069604999999999969e-10 4.100000000000000000e+01
-2.931500999999999967e-10 4.300000000000000000e+01
-3.226952999999999827e-10 4.400000000000000000e+01
-2.964823999999999832e-10 4.500000000000000000e+01
-2.777306000000000170e-10 4.700000000000000000e+01
-3.196675000000000234e-10 4.800000000000000000e+01
-2.746389999999999860e-10 5.000000000000000000e+01
-3.624381999999999861e-10 5.100000000000000000e+01
-2.838615000000000025e-10 5.200000000000000000e+01
-2.914549000000000230e-10 5.400000000000000000e+01
-2.865732000000000108e-10 5.500000000000000000e+01
-2.893089999999999984e-10 5.700000000000000000e+01
-2.863093999999999812e-10 5.800000000000000000e+01
-2.755241000000000102e-10 5.900000000000000000e+01
-2.792348000000000065e-10 6.100000000000000000e+01
-2.759378999999999824e-10 6.200000000000000000e+01
-3.135678999999999859e-10 6.300000000000000000e+01
-3.072238000000000222e-10 6.500000000000000000e+01
-2.936826000000000153e-10 6.600000000000000000e+01
-2.858176999999999921e-10 6.800000000000000000e+01
