-4.029591000000000206e-07 0.000000000000000000e+00
-4.075000000000000160e-07 2.000000000000000000e+00
-4.031618999999999753e-07 3.000000000000000000e+00
-4.089261999999999762e-07 4.000000000000000000e+00
-4.008047999999999839e-07 6.000000000000000000e+00
-4.045648000000000123e-07 7.000000000000000000e+00
-4.039296000000000226e-07 8.000000000000000000e+00
-3.938541999999999852e-07 1.000000000000000000e+01
-4.051195999999999955e-07 1.100000000000000000e+01
-4.038403000000000246e-07 1.300000000000000000e+01
-4.025409999999999780e-07 1.400000000000000000e+01
-3.985578999999999957e-07 1.500000000000000000e+01
-4.033008000000000084e-07 1.700000000000000000e+01
-3.998989000000000075e-07 1.800000000000000000e+01
-4.023832999999999871e-07 2.000000000000000000e+01
-4.022690999999999794e-07 2.100000000000000000e+01
-4.072363000000000108e-07 2.200000000000000000e+01
-4.055972999999999787e-07 2.400000000000000000e+01
-3.966093000000000044e-07 2.500000000000000000e+01
-4.020149000000000246e-07 2.600000000000000000e+01
-4.063880000000000256e-07 2.800000000000000000e+01
-4.045852000000000037e-07 2.900000000000000000e+01
-4.029802000000000101e-07 3.100000000000000000e+01
-4.062598000000000020e-07 3.200000000000000000e+01
-3.988904000000000154e-07 3.300000000000000000e+01
-4.005225000000000053e-07 3.500000000000000000e+01
-4.010217999999999918e-07 3.600000000000000000e+01
-4.050045000000000053e-07 3.700000000000000000e+01
-4.037696000000000000e-07 3.900000000000000000e+01
-4.005237000000000172e-07 4.000000000000000000e+01
-4.047712999999999950e-07 4.200000000000000000e+01
-4.016310999999999971e-07 4.300000000000000000e+01
-4.045670999999999911e-07 4.400000000000000000e+01
-4.026983999999999924e-07 4.600000000000000000e+01
-4.023484000000000190e-07 4.700000000000000000e+01
-4.015650999999999752e-07 4.800000000000000000e+01
-4.008690999999999801e-07 5.000000000000000000e+01
-4.058461999999999777e-07 5.100000000000000000e+01
-4.052800999999999790e-07 5.300000000000000000e+01
-4.042707000000000044e-07 5.400000000000000000e+01
-3.992424999999999832e-07 5.500000000000000000e+01
-4.060326999999999906e-07 5.700000000000000000e+01
-4.054839000000000142e-07 5.800000000000000000e+01
-3.993344999999999817e-07 6.000000000000000000e+01
-4.021445999999999838e-07 6.100000000000000000e+01
-4.047955999999999987e-07 6.200000000000000000e+01
-4.075605999999999841e-07 6.400000000000000000e+01
-4.045273999999999752e-07 6.500000000000000000e+01
-3.990671999999999936e-07 6.700000000000000000e+01
-4.051425000000000030e-07 6.800000000000000000e+01
