-6.124637999999999339e-08 1.000000000000000000e+00
-6.158856999999999839e-08 2.000000000000000000e+00
-5.976158000000000116e-08 3.000000000000000000e+00
-6.133665999999999941e-08 5.000000000000000000e+00
-6.096162999999999476e-08 6.000000000000000000e+00
-6.165174999999999485e-08 8.000000000000000000e+00
-6.071104000000000628e-08 9.000000000000000000e+00
-6.149839999999999434e-08 1.000000000000000000e+01
-6.071716999999999496e-08 1.200000000000000000e+01
-6.085125999999999693e-08 1.300000000000000000e+01
-6.150825000000000419e-08 1.400000000000000000e+01
-6.138143999999999354e-08 1.600000000000000000e+01
-6.096531999999999974e-08 1.700000000000000000e+01
-6.162766999999999508e-08 1.900000000000000000e+01
-6.133580999999999977e-08 2.000000000000000000e+01
-6.047141000000000428e-08 2.100000000000000000e+01
-6.095105999999999363e-08 2.300000000000000000e+01
-6.039451999999999836e-08 2.400000000000000000e+01
-6.106429000000000317e-08 2.600000000000000000e+01
-6.130806000000000139e-08 2.700000000000000000e+01
-6.062218000000000293e-08 2.800000000000000000e+01
-6.226497000000000569e-08 3.000000000000000000e+01
-6.191860000000000495e-08 3.100000000000000000e+01
-6.075029000000000446e-08 3.200000000000000000e+01
-6.102158000000000053e-08 3.400000000000000000e+01
-6.193423000000000441e-08 3.500000000000000000e+01
-6.207878000000000553e-08 3.700000000000000000e+01
-6.157035999999999706e-08 3.800000000000000000e+01
-6.145050999999999483e-08 3.900000000000000000e+01
-6.053397000000000164e-08 4.100000000000000000e+01
-6.020449000000000496e-08 4.200000000000000000e+01
-6.122537999999999605e-08 4.300000000000000000e+01
-6.150688999999999418e-08 4.500000000000000000e+01
-6.108779999999999992e-08 4.600000000000000000e+01
-6.133835000000000212e-08 4.800000000000000000e+01
-6.109427000000000434e-08 4.900000000000000000e+01
-6.079097999999999846e-08 5.000000000000000000e+01
-6.157800999999999382e-08 5.200000000000000000e+01
-6.129784999999999590e-08 5.300000000000000000e+01
-6.069940000000000155e-08 5.500000000000000000e+01
-6.234829000000000329e-08 5.600000000000000000e+01
-6.026200000000000056e-08 5.700000000000000000e+01
-6.083912000000000487e-08 5.900000000000000000e+01
-6.159176999999999937e-08 6.000000000000000000e+01
-6.134379999999999903e-08 6.100000000000000000e+01
-6.100838999999999802e-08 6.300000000000000000e+01
-6.128421999999999871e-08 6.400000000000000000e+01
-5.962020999999999465e-08 6.600000000000000000e+01
-6.128492999999999343e-08 6.700000000000000000e+01
-6.080475000000000057e-08 6.800000000000000000e+01
