-4.497240000000000075e-10 0.000000000000000000e+00
-4.311306000000000249e-10 1.000000000000000000e+00
-4.526465999999999845e-10 3.000000000000000000e+00
-4.613064000000000232e-10 4.000000000000000000e+00
-4.636012000000000017e-10 5.000000000000000000e+00
-4.661546000000000065e-10 7.000000000000000000e+00
-4.454251000000000214e-10 8.000000000000000000e+00
-4.656938000000000447e-10 1.000000000000000000e+01
-4.479890000000000129e-10 1.100000000000000000e+01
-4.491178000000000184e-10 1.300000000000000000e+01
-4.413634000000000126e-10 1.400000000000000000e+01
-4.393399000000000247e-10 1.500000000000000000e+01
-4.439588999999999960e-10 1.600000000000000000e+01
-4.585342999999999931e-10 1.800000000000000000e+01
-4.735210000000000443e-10 1.900000000000000000e+01
-4.497936999999999954e-10 2.100000000000000000e+01
-4.562828000000000138e-10 2.200000000000000000e+01
-4.449786999999999970e-10 2.300000000000000000e+01
-4.397341000000000046e-10 2.500000000000000000e+01
-4.650471000000000184e-10 2.600000000000000000e+01
