-3.426771999999999962e-09 0.000000000000000000e+00
-3.463951000000000129e-09 1.000000000000000000e+00
-3.570525000000000137e-09 3.000000000000000000e+00
-3.806423000000000308e-09 4.000000000000000000e+00
-3.987532000000000412e-09 5.000000000000000000e+00
-3.676926000000000006e-09 7.000000000000000000e+00
-3.430845999999999962e-09 8.000000000000000000e+00
-3.510813999999999825e-09 9.000000000000000000e+00
-3.513363000000000082e-09 1.100000000000000000e+01
-4.320230999999999988e-09 1.200000000000000000e+01
-3.367502000000000021e-09 1.400000000000000000e+01
-2.917609999999999813e-09 1.500000000000000000e+01
-3.442072000000000105e-09 1.600000000000000000e+01
-3.417911000000000151e-09 1.800000000000000000e+01
-4.043875000000000369e-09 1.900000000000000000e+01
-3.398106999999999834e-09 2.100000000000000000e+01
-3.646331999999999977e-09 2.200000000000000000e+01
-3.431069999999999816e-09 2.400000000000000000e+01
-3.326395000000000071e-09 2.500000000000000000e+01
-3.187293000000000193e-09 2.600000000000000000e+01
-3.131039000000000069e-09 2.800000000000000000e+01
-3.243507999999999880e-09 2.900000000000000000e+01
-3.589003999999999945e-09 3.000000000000000000e+01
-3.424333000000000028e-09 3.200000000000000000e+01
-3.733023000000000128e-09 3.300000000000000000e+01
-3.633887000000000027e-09 3.500000000000000000e+01
-3.042044999999999911e-09 3.600000000000000000e+01
-3.664899000000000126e-09 3.700000000000000000e+01
-3.220368999999999801e-09 3.800000000000000000e+01
-3.803320999999999961e-09 4.000000000000000000e+01
