-1.242069999999999951e-07 0.000000000000000000e+00
-1.215213999999999886e-07 1.000000000000000000e+00
-1.225519000000000057e-07 3.000000000000000000e+00
-1.231555000000000072e-07 4.000000000000000000e+00
-1.203815000000000116e-07 6.000000000000000000e+00
-1.222354999999999963e-07 7.000000000000000000e+00
-1.215737999999999898e-07 8.000000000000000000e+00
-1.233215000000000101e-07 1.000000000000000000e+01
-1.227443000000000068e-07 1.100000000000000000e+01
-1.216446000000000065e-07 1.200000000000000000e+01
-1.207603999999999992e-07 1.400000000000000000e+01
-1.241163000000000008e-07 1.500000000000000000e+01
-1.240794999999999961e-07 1.700000000000000000e+01
-1.207870000000000082e-07 1.800000000000000000e+01
-1.222398999999999960e-07 1.900000000000000000e+01
-1.217719999999999869e-07 2.100000000000000000e+01
-1.217849000000000094e-07 2.200000000000000000e+01
-1.215510999999999932e-07 2.300000000000000000e+01
-1.210268999999999970e-07 2.500000000000000000e+01
-1.235982999999999958e-07 2.600000000000000000e+01
-1.227379999999999970e-07 2.800000000000000000e+01
-1.225624999999999965e-07 2.900000000000000000e+01
-1.230067000000000079e-07 3.000000000000000000e+01
-1.219700999999999918e-07 3.200000000000000000e+01
-1.220791000000000095e-07 3.300000000000000000e+01
-1.235529000000000025e-07 3.400000000000000000e+01
-1.237239000000000111e-07 3.600000000000000000e+01
-1.224038999999999967e-07 3.700000000000000000e+01
-1.222760000000000025e-07 3.900000000000000000e+01
-1.223821000000000090e-07 4.000000000000000000e+01
-1.224785000000000071e-07 4.100000000000000000e+01
-1.220694999999999933e-07 4.300000000000000000e+01
-1.230246000000000096e-07 4.400000000000000000e+01
-1.223727999999999958e-07 4.600000000000000000e+01
-1.221836000000000089e-07 4.700000000000000000e+01
-1.211028000000000116e-07 4.800000000000000000e+01
-1.216057999999999996e-07 5.000000000000000000e+01
-1.235901000000000023e-07 5.100000000000000000e+01
-1.236580000000000079e-07 5.300000000000000000e+01
-1.218184000000000077e-07 5.400000000000000000e+01
-1.220044999999999991e-07 5.500000000000000000e+01
-1.240470999999999912e-07 5.700000000000000000e+01
-1.220778999999999976e-07 5.800000000000000000e+01
-1.240683999999999915e-07 5.900000000000000000e+01
-1.219829999999999879e-07 6.100000000000000000e+01
-1.231048999999999974e-07 6.200000000000000000e+01
-1.229894000000000121e-07 6.400000000000000000e+01
-1.214326000000000044e-07 6.500000000000000000e+01
-1.207641999999999929e-07 6.600000000000000000e+01
-1.230180999999999890e-07 6.800000000000000000e+01
