-4.574996999999999789e-10 1.000000000000000000e+00
-3.769300999999999907e-10 2.000000000000000000e+00
-3.857283999999999767e-10 3.000000000000000000e+00
-3.949138999999999860e-10 5.000000000000000000e+00
-6.590685000000000180e-10 6.000000000000000000e+00
-4.297358000000000123e-10 8.000000000000000000e+00
-3.534958000000000254e-10 9.000000000000000000e+00
-3.840019000000000034e-10 1.000000000000000000e+01
-4.462021999999999980e-10 1.200000000000000000e+01
-4.342214999999999879e-10 1.300000000000000000e+01
-3.921864999999999877e-10 1.400000000000000000e+01
-4.361579000000000247e-10 1.600000000000000000e+01
-4.100165999999999984e-10 1.700000000000000000e+01
-3.679933999999999857e-10 1.900000000000000000e+01
-4.092077999999999980e-10 2.000000000000000000e+01
-3.904553999999999956e-10 2.100000000000000000e+01
-4.220093000000000080e-10 2.300000000000000000e+01
-4.624298000000000134e-10 2.400000000000000000e+01
-4.550499000000000149e-10 2.500000000000000000e+01
-4.608532000000000025e-10 2.700000000000000000e+01
-4.187342999999999857e-10 2.800000000000000000e+01
-3.720148000000000211e-10 3.000000000000000000e+01
-4.444004000000000094e-10 3.100000000000000000e+01
-4.436751999999999818e-10 3.300000000000000000e+01
-3.927844999999999995e-10 3.400000000000000000e+01
-4.349246999999999819e-10 3.500000000000000000e+01
-4.636218999999999828e-10 3.700000000000000000e+01
-4.327824999999999993e-10 3.800000000000000000e+01
-4.255269000000000229e-10 3.900000000000000000e+01
-4.185107999999999813e-10 4.100000000000000000e+01
-4.110796999999999986e-10 4.200000000000000000e+01
-4.544477999999999886e-10 4.400000000000000000e+01
-4.176682000000000115e-10 4.500000000000000000e+01
-4.766391000000000441e-10 4.600000000000000000e+01
-4.144972000000000025e-10 4.800000000000000000e+01
-4.344128000000000159e-10 4.900000000000000000e+01
-4.098968999999999952e-10 5.000000000000000000e+01
-4.546208000000000251e-10 5.200000000000000000e+01
-4.787481000000000417e-10 5.300000000000000000e+01
-4.051995999999999828e-10 5.500000000000000000e+01
-4.194449999999999924e-10 5.600000000000000000e+01
-4.614014000000000110e-10 5.700000000000000000e+01
-4.430715999999999943e-10 5.900000000000000000e+01
-3.873231000000000188e-10 6.000000000000000000e+01
-4.007780999999999997e-10 6.200000000000000000e+01
-6.543131999999999734e-10 6.300000000000000000e+01
-4.092215000000000225e-10 6.400000000000000000e+01
-4.229790999999999937e-10 6.600000000000000000e+01
-3.861257000000000142e-10 6.700000000000000000e+01
-4.107562000000000151e-10 6.800000000000000000e+01
