-3.353306000000000042e-10 1.000000000000000000e+00
-4.175373999999999855e-10 2.000000000000000000e+00
-4.002895999999999967e-10 4.000000000000000000e+00
-3.287360999999999914e-10 5.000000000000000000e+00
-3.326295999999999946e-10 6.000000000000000000e+00
-3.304987999999999754e-10 8.000000000000000000e+00
-3.356634000000000054e-10 9.000000000000000000e+00
-5.253969000000000099e-10 1.100000000000000000e+01
-3.184795000000000168e-10 1.200000000000000000e+01
-4.147540000000000238e-10 1.300000000000000000e+01
-3.191371999999999823e-10 1.500000000000000000e+01
-3.341324000000000031e-10 1.600000000000000000e+01
-3.266043000000000154e-10 1.700000000000000000e+01
-3.377643000000000058e-10 1.900000000000000000e+01
-3.315771999999999931e-10 2.000000000000000000e+01
-3.256536000000000179e-10 2.200000000000000000e+01
-3.417788000000000130e-10 2.300000000000000000e+01
-3.391816999999999848e-10 2.400000000000000000e+01
-3.496357999999999994e-10 2.600000000000000000e+01
-3.337813999999999906e-10 2.700000000000000000e+01
-3.164493999999999929e-10 2.800000000000000000e+01
-3.279948000000000015e-10 3.000000000000000000e+01
-3.219317999999999987e-10 3.100000000000000000e+01
-3.423127999999999928e-10 3.300000000000000000e+01
-3.354690000000000231e-10 3.400000000000000000e+01
-3.278466000000000123e-10 3.500000000000000000e+01
-3.314652999999999948e-10 3.700000000000000000e+01
-3.827609000000000074e-10 3.800000000000000000e+01
-3.449477000000000247e-10 3.900000000000000000e+01
-3.038450999999999789e-10 4.100000000000000000e+01
-3.177907000000000119e-10 4.200000000000000000e+01
-3.504377000000000233e-10 4.400000000000000000e+01
-3.345841000000000110e-10 4.500000000000000000e+01
-3.412710000000000099e-10 4.600000000000000000e+01
-3.492633000000000092e-10 4.800000000000000000e+01
-3.349114999999999968e-10 4.900000000000000000e+01
-3.450623000000000048e-10 5.100000000000000000e+01
-3.498961999999999792e-10 5.200000000000000000e+01
-3.353287999999999991e-10 5.300000000000000000e+01
-3.282146999999999957e-10 5.500000000000000000e+01
-3.193496999999999958e-10 5.600000000000000000e+01
-3.586442999999999896e-10 5.700000000000000000e+01
-3.259653999999999940e-10 5.900000000000000000e+01
-3.512562999999999940e-10 6.000000000000000000e+01
-3.415824999999999937e-10 6.200000000000000000e+01
-3.465372000000000118e-10 6.300000000000000000e+01
-3.410415999999999858e-10 6.400000000000000000e+01
-3.362265000000000073e-10 6.600000000000000000e+01
-3.189141999999999822e-10 6.700000000000000000e+01
-3.352868999999999809e-10 6.900000000000000000e+01
