-7.076434999999999666e-09 1.000000000000000000e+00
-6.863022999999999866e-09 2.000000000000000000e+00
-7.030624999999999800e-09 3.000000000000000000e+00
-7.663135000000000545e-09 5.000000000000000000e+00
-6.845849999999999888e-09 6.000000000000000000e+00
-7.037553999999999994e-09 8.000000000000000000e+00
-8.196560999999999568e-09 9.000000000000000000e+00
-7.331287999999999592e-09 1.000000000000000000e+01
-7.582676000000000089e-09 1.200000000000000000e+01
-7.728705999999999843e-09 1.300000000000000000e+01
-6.853565000000000000e-09 1.400000000000000000e+01
-7.092894999999999834e-09 1.600000000000000000e+01
-7.008150999999999946e-09 1.700000000000000000e+01
-6.743002000000000203e-09 1.800000000000000000e+01
-6.873949000000000330e-09 2.000000000000000000e+01
-7.000396000000000318e-09 2.100000000000000000e+01
-6.741692999999999831e-09 2.300000000000000000e+01
-6.510672000000000035e-09 2.400000000000000000e+01
-6.416249000000000143e-09 2.600000000000000000e+01
-7.214672000000000085e-09 2.700000000000000000e+01
