-1.181743999999999926e-09 0.000000000000000000e+00
-1.092867999999999953e-09 1.000000000000000000e+00
-1.101148000000000053e-09 3.000000000000000000e+00
-1.114641000000000101e-09 4.000000000000000000e+00
-1.102847000000000048e-09 6.000000000000000000e+00
-1.187971000000000095e-09 7.000000000000000000e+00
-1.106544999999999925e-09 8.000000000000000000e+00
-1.134292000000000037e-09 1.000000000000000000e+01
-1.087258000000000011e-09 1.100000000000000000e+01
-1.146422000000000076e-09 1.200000000000000000e+01
-1.178925000000000042e-09 1.400000000000000000e+01
-1.101488000000000074e-09 1.500000000000000000e+01
-1.116055000000000030e-09 1.700000000000000000e+01
-1.131068999999999995e-09 1.800000000000000000e+01
-1.090967000000000085e-09 2.000000000000000000e+01
-1.062192999999999953e-09 2.100000000000000000e+01
-1.167569000000000024e-09 2.200000000000000000e+01
-1.157100999999999973e-09 2.400000000000000000e+01
-1.150089999999999903e-09 2.500000000000000000e+01
-1.267781999999999955e-09 2.600000000000000000e+01
-1.135565000000000100e-09 2.800000000000000000e+01
-1.130473999999999957e-09 2.900000000000000000e+01
-1.166409999999999904e-09 3.000000000000000000e+01
-1.155768999999999920e-09 3.200000000000000000e+01
-1.109130000000000077e-09 3.300000000000000000e+01
-1.100579999999999936e-09 3.500000000000000000e+01
-1.115883000000000002e-09 3.600000000000000000e+01
-1.125010000000000027e-09 3.700000000000000000e+01
-1.158494000000000032e-09 3.900000000000000000e+01
-1.131958999999999979e-09 4.000000000000000000e+01
