-2.498824999999999795e-09 0.000000000000000000e+00
-2.676103999999999923e-09 2.000000000000000000e+00
-2.531903000000000040e-09 3.000000000000000000e+00
-2.552168999999999978e-09 5.000000000000000000e+00
-2.623826999999999898e-09 6.000000000000000000e+00
-2.614817000000000153e-09 7.000000000000000000e+00
-2.323820999999999848e-09 9.000000000000000000e+00
-2.352023999999999942e-09 1.000000000000000000e+01
-2.397766000000000052e-09 1.100000000000000000e+01
-2.313737000000000196e-09 1.300000000000000000e+01
-2.802161999999999986e-09 1.400000000000000000e+01
-2.307143000000000084e-09 1.500000000000000000e+01
-2.246077000000000039e-09 1.700000000000000000e+01
-2.389506999999999822e-09 1.800000000000000000e+01
-2.380794000000000040e-09 2.000000000000000000e+01
-2.412243999999999968e-09 2.100000000000000000e+01
-2.326708999999999808e-09 2.200000000000000000e+01
-2.383515000000000118e-09 2.400000000000000000e+01
-2.362785999999999827e-09 2.500000000000000000e+01
-2.376269000000000203e-09 2.600000000000000000e+01
-2.401042000000000031e-09 2.800000000000000000e+01
-2.455440999999999855e-09 2.900000000000000000e+01
-2.496871000000000197e-09 3.100000000000000000e+01
-2.229359999999999837e-09 3.200000000000000000e+01
-2.430162000000000029e-09 3.400000000000000000e+01
-2.470377000000000185e-09 3.500000000000000000e+01
-2.413455000000000120e-09 3.600000000000000000e+01
-2.544766000000000061e-09 3.800000000000000000e+01
-2.377627000000000066e-09 3.900000000000000000e+01
-2.248921999999999940e-09 4.000000000000000000e+01
-2.307677999999999814e-09 4.200000000000000000e+01
-2.296004999999999869e-09 4.300000000000000000e+01
-2.253893999999999992e-09 4.500000000000000000e+01
-2.505570999999999970e-09 4.600000000000000000e+01
-2.396004999999999937e-09 4.700000000000000000e+01
-2.305923999999999863e-09 4.900000000000000000e+01
-2.598164000000000087e-09 5.000000000000000000e+01
-2.545325999999999902e-09 5.100000000000000000e+01
-2.344726999999999900e-09 5.300000000000000000e+01
-2.345306000000000007e-09 5.400000000000000000e+01
-2.242599000000000188e-09 5.600000000000000000e+01
-2.511529000000000003e-09 5.700000000000000000e+01
-2.414673999999999927e-09 5.800000000000000000e+01
-2.135423000000000185e-09 6.000000000000000000e+01
-2.398073999999999799e-09 6.100000000000000000e+01
-2.341667000000000119e-09 6.200000000000000000e+01
-2.500811000000000082e-09 6.400000000000000000e+01
-2.614826000000000127e-09 6.500000000000000000e+01
-2.502643999999999987e-09 6.700000000000000000e+01
-2.543990999999999927e-09 6.800000000000000000e+01
