-7.816059999999999911e-08 1.000000000000000000e+00
-7.765154999999999496e-08 2.000000000000000000e+00
-7.825722999999999778e-08 3.000000000000000000e+00
-7.789015000000000611e-08 5.000000000000000000e+00
-7.796776000000000332e-08 6.000000000000000000e+00
-7.766697999999999684e-08 7.000000000000000000e+00
-7.766032000000000464e-08 9.000000000000000000e+00
-7.858045999999999398e-08 1.000000000000000000e+01
-7.816036000000000202e-08 1.100000000000000000e+01
-7.778042999999999711e-08 1.300000000000000000e+01
-7.814666999999999893e-08 1.400000000000000000e+01
-7.798933000000000369e-08 1.600000000000000000e+01
-7.685942999999999832e-08 1.700000000000000000e+01
-7.805667000000000276e-08 1.800000000000000000e+01
-7.765929999999999713e-08 2.000000000000000000e+01
-7.690642999999999868e-08 2.100000000000000000e+01
-7.787802999999999396e-08 2.300000000000000000e+01
-7.804181000000000391e-08 2.400000000000000000e+01
-7.821755000000000149e-08 2.600000000000000000e+01
-7.739264999999999785e-08 2.700000000000000000e+01
-7.806292000000000323e-08 2.800000000000000000e+01
-7.787631000000000153e-08 3.000000000000000000e+01
-7.783884000000000166e-08 3.100000000000000000e+01
-7.748498999999999880e-08 3.200000000000000000e+01
-7.870253999999999900e-08 3.400000000000000000e+01
-7.640252000000000512e-08 3.500000000000000000e+01
-7.797390000000000182e-08 3.700000000000000000e+01
-7.811695000000000123e-08 3.800000000000000000e+01
-7.757689000000000506e-08 3.900000000000000000e+01
-7.797143999999999850e-08 4.100000000000000000e+01
