-5.038336000000000167e-10 0.000000000000000000e+00
-4.937547999999999543e-10 1.000000000000000000e+00
-4.943416999999999950e-10 3.000000000000000000e+00
-4.981778999999999822e-10 4.000000000000000000e+00
-4.960123999999999652e-10 5.000000000000000000e+00
-5.083212000000000292e-10 7.000000000000000000e+00
-5.010312999999999757e-10 8.000000000000000000e+00
-4.967275000000000303e-10 1.000000000000000000e+01
-4.947187999999999522e-10 1.100000000000000000e+01
-4.939144999999999905e-10 1.200000000000000000e+01
-4.978030000000000024e-10 1.400000000000000000e+01
-4.948218000000000086e-10 1.500000000000000000e+01
-5.143148999999999648e-10 1.700000000000000000e+01
-4.974229000000000194e-10 1.800000000000000000e+01
-4.896428000000000413e-10 1.900000000000000000e+01
-5.002397999999999583e-10 2.100000000000000000e+01
-5.062986999999999982e-10 2.200000000000000000e+01
-5.048910000000000094e-10 2.400000000000000000e+01
-5.010704999999999604e-10 2.500000000000000000e+01
-4.999487000000000150e-10 2.600000000000000000e+01
-4.967671999999999676e-10 2.800000000000000000e+01
-5.045929000000000060e-10 2.900000000000000000e+01
-4.926655000000000292e-10 3.000000000000000000e+01
-5.059482999999999702e-10 3.200000000000000000e+01
-5.001331999999999951e-10 3.300000000000000000e+01
-4.954992000000000502e-10 3.400000000000000000e+01
-4.900563000000000213e-10 3.600000000000000000e+01
-4.973620000000000450e-10 3.700000000000000000e+01
-4.935270000000000267e-10 3.900000000000000000e+01
-4.928881999999999855e-10 4.000000000000000000e+01
