-6.042962000000000209e-09 1.000000000000000000e+00
-6.063815000000000323e-09 3.000000000000000000e+00
-5.981312000000000117e-09 4.000000000000000000e+00
-5.996340000000000409e-09 5.000000000000000000e+00
-6.025381000000000040e-09 7.000000000000000000e+00
-5.847986000000000158e-09 8.000000000000000000e+00
-5.960413999999999721e-09 9.000000000000000000e+00
-6.046914999999999689e-09 1.100000000000000000e+01
-5.992229000000000194e-09 1.200000000000000000e+01
-5.990189000000000065e-09 1.400000000000000000e+01
-6.207744999999999846e-09 1.500000000000000000e+01
-5.886489999999999594e-09 1.600000000000000000e+01
-6.024413000000000008e-09 1.800000000000000000e+01
-6.214753999999999899e-09 1.900000000000000000e+01
-5.906977999999999989e-09 2.000000000000000000e+01
-5.835534999999999950e-09 2.200000000000000000e+01
-5.899705000000000153e-09 2.300000000000000000e+01
-6.331082000000000244e-09 2.400000000000000000e+01
-5.935445999999999771e-09 2.600000000000000000e+01
-6.155049999999999750e-09 2.700000000000000000e+01
