-1.592960000000000050e-09 0.000000000000000000e+00
-1.625146000000000087e-09 2.000000000000000000e+00
-1.637962999999999920e-09 3.000000000000000000e+00
-1.594277000000000077e-09 5.000000000000000000e+00
-1.542395999999999933e-09 6.000000000000000000e+00
-1.516917000000000046e-09 7.000000000000000000e+00
-1.756154000000000014e-09 9.000000000000000000e+00
-1.447279999999999990e-09 1.000000000000000000e+01
-1.457706000000000095e-09 1.100000000000000000e+01
-1.613862000000000067e-09 1.300000000000000000e+01
-1.473872999999999921e-09 1.400000000000000000e+01
-1.784541000000000031e-09 1.500000000000000000e+01
-1.680987000000000081e-09 1.700000000000000000e+01
-1.664129000000000013e-09 1.800000000000000000e+01
-1.596772000000000077e-09 1.900000000000000000e+01
-1.635179999999999931e-09 2.100000000000000000e+01
-1.596895999999999900e-09 2.200000000000000000e+01
-1.765008000000000074e-09 2.400000000000000000e+01
-1.512306999999999997e-09 2.500000000000000000e+01
-1.746106000000000050e-09 2.600000000000000000e+01
-1.668482999999999934e-09 2.800000000000000000e+01
-1.656999999999999965e-09 2.900000000000000000e+01
-1.835948999999999943e-09 3.100000000000000000e+01
-1.722482000000000050e-09 3.200000000000000000e+01
-1.852299999999999900e-09 3.400000000000000000e+01
-1.685548999999999925e-09 3.500000000000000000e+01
-1.587143999999999994e-09 3.600000000000000000e+01
-1.693214999999999927e-09 3.800000000000000000e+01
-1.523887999999999980e-09 3.900000000000000000e+01
-1.570278000000000065e-09 4.000000000000000000e+01
