-7.367852000000000170e-10 1.000000000000000000e+00
-7.585254000000000491e-10 2.000000000000000000e+00
-7.028284000000000501e-10 3.000000000000000000e+00
-8.750482000000000389e-10 5.000000000000000000e+00
-7.197562000000000338e-10 6.000000000000000000e+00
-7.039299999999999670e-10 7.000000000000000000e+00
-7.877316000000000222e-10 9.000000000000000000e+00
-6.851678000000000460e-10 1.000000000000000000e+01
-7.013904000000000184e-10 1.200000000000000000e+01
-7.203406000000000013e-10 1.300000000000000000e+01
-7.001235000000000381e-10 1.400000000000000000e+01
-6.992960999999999505e-10 1.600000000000000000e+01
-7.315760999999999673e-10 1.700000000000000000e+01
-7.371053000000000023e-10 1.900000000000000000e+01
-7.000514000000000089e-10 2.000000000000000000e+01
-7.636889999999999671e-10 2.100000000000000000e+01
-6.855684000000000497e-10 2.300000000000000000e+01
-7.107353000000000200e-10 2.400000000000000000e+01
-6.939191000000000424e-10 2.600000000000000000e+01
-7.373156000000000383e-10 2.700000000000000000e+01
