-9.749168999999999755e-08 0.000000000000000000e+00
-9.925445999999999765e-08 1.000000000000000000e+00
-9.749395000000000329e-08 3.000000000000000000e+00
-9.796284000000000372e-08 4.000000000000000000e+00
-9.893554000000000554e-08 5.000000000000000000e+00
-9.802845000000000056e-08 7.000000000000000000e+00
-9.893150999999999806e-08 8.000000000000000000e+00
-9.902249000000000223e-08 1.000000000000000000e+01
-9.823145000000000575e-08 1.100000000000000000e+01
-9.838736000000000176e-08 1.200000000000000000e+01
-9.742469999999999755e-08 1.400000000000000000e+01
-9.895443999999999521e-08 1.500000000000000000e+01
-9.903098000000000206e-08 1.700000000000000000e+01
-9.881671999999999416e-08 1.800000000000000000e+01
-9.780135000000000245e-08 1.900000000000000000e+01
-9.868354999999999430e-08 2.100000000000000000e+01
-9.934282999999999701e-08 2.200000000000000000e+01
-9.954185000000000404e-08 2.300000000000000000e+01
-9.825022000000000030e-08 2.500000000000000000e+01
-9.900363999999999541e-08 2.600000000000000000e+01
-9.872065999999999853e-08 2.800000000000000000e+01
-9.846774000000000184e-08 2.900000000000000000e+01
-9.880821999999999776e-08 3.000000000000000000e+01
-9.885139000000000144e-08 3.200000000000000000e+01
-9.871961999999999788e-08 3.300000000000000000e+01
-9.816938999999999573e-08 3.500000000000000000e+01
-9.884977000000000120e-08 3.600000000000000000e+01
-9.853465999999999937e-08 3.700000000000000000e+01
-9.793298999999999767e-08 3.900000000000000000e+01
-9.941985999999999462e-08 4.000000000000000000e+01
-9.892630999999999481e-08 4.200000000000000000e+01
-9.939436000000000541e-08 4.300000000000000000e+01
-9.777223999999999406e-08 4.400000000000000000e+01
-9.915284000000000313e-08 4.600000000000000000e+01
-9.795107000000000387e-08 4.700000000000000000e+01
-9.723927000000000143e-08 4.800000000000000000e+01
-9.912819000000000032e-08 5.000000000000000000e+01
-9.767471999999999624e-08 5.100000000000000000e+01
-9.784569999999999848e-08 5.200000000000000000e+01
-9.835008999999999946e-08 5.400000000000000000e+01
-9.871780999999999662e-08 5.500000000000000000e+01
-9.932564999999999976e-08 5.700000000000000000e+01
-9.936098000000000568e-08 5.800000000000000000e+01
-9.787104000000000286e-08 5.900000000000000000e+01
-9.751150000000000598e-08 6.100000000000000000e+01
-9.753979000000000444e-08 6.200000000000000000e+01
-9.801402999999999639e-08 6.300000000000000000e+01
-9.856856000000000605e-08 6.500000000000000000e+01
-9.804465000000000305e-08 6.600000000000000000e+01
-9.917529000000000608e-08 6.800000000000000000e+01
