-1.254856000000000076e-08 0.000000000000000000e+00
-1.263403000000000047e-08 1.000000000000000000e+00
-1.220402999999999927e-08 3.000000000000000000e+00
-1.257830999999999976e-08 4.000000000000000000e+00
-1.253359999999999981e-08 6.000000000000000000e+00
-1.262464999999999983e-08 7.000000000000000000e+00
-1.231835000000000058e-08 8.000000000000000000e+00
-1.246463000000000062e-08 1.000000000000000000e+01
-1.263138999999999933e-08 1.100000000000000000e+01
-1.272278000000000019e-08 1.300000000000000000e+01
-1.249247999999999944e-08 1.400000000000000000e+01
-1.252960000000000024e-08 1.500000000000000000e+01
-1.235000999999999962e-08 1.700000000000000000e+01
-1.252385000000000034e-08 1.800000000000000000e+01
-1.249067999999999972e-08 1.900000000000000000e+01
-1.241321000000000081e-08 2.100000000000000000e+01
-1.258696999999999919e-08 2.200000000000000000e+01
-1.254428999999999950e-08 2.400000000000000000e+01
-1.243598999999999978e-08 2.500000000000000000e+01
-1.237896000000000003e-08 2.600000000000000000e+01
-1.247261999999999989e-08 2.800000000000000000e+01
-1.274235999999999983e-08 2.900000000000000000e+01
-1.266332000000000007e-08 3.100000000000000000e+01
-1.262886000000000017e-08 3.200000000000000000e+01
-1.259445999999999954e-08 3.300000000000000000e+01
-1.261763000000000040e-08 3.500000000000000000e+01
-1.250035000000000016e-08 3.600000000000000000e+01
-1.238930000000000063e-08 3.700000000000000000e+01
-1.265152000000000058e-08 3.900000000000000000e+01
-1.256349000000000042e-08 4.000000000000000000e+01
-1.239236000000000000e-08 4.100000000000000000e+01
-1.258058000000000041e-08 4.300000000000000000e+01
-1.244524000000000034e-08 4.400000000000000000e+01
-1.268668000000000028e-08 4.600000000000000000e+01
-1.252446999999999945e-08 4.700000000000000000e+01
-1.243341999999999944e-08 4.800000000000000000e+01
-1.259461999999999926e-08 5.000000000000000000e+01
-1.264506999999999922e-08 5.100000000000000000e+01
-1.252852999999999996e-08 5.300000000000000000e+01
-1.257171000000000021e-08 5.400000000000000000e+01
-1.233663999999999929e-08 5.500000000000000000e+01
-1.254523999999999958e-08 5.700000000000000000e+01
-1.248940000000000032e-08 5.800000000000000000e+01
-1.252377999999999953e-08 5.900000000000000000e+01
-1.249542000000000026e-08 6.100000000000000000e+01
-1.249008000000000036e-08 6.200000000000000000e+01
-1.248510999999999929e-08 6.400000000000000000e+01
-1.263445000000000035e-08 6.500000000000000000e+01
-1.248545000000000014e-08 6.600000000000000000e+01
-1.263975000000000074e-08 6.800000000000000000e+01
