-1.359602000000000006e-10 0.000000000000000000e+00
-1.721481000000000096e-10 2.000000000000000000e+00
-1.758987999999999872e-10 3.000000000000000000e+00
-1.684879999999999873e-10 4.000000000000000000e+00
-1.703457000000000107e-10 6.000000000000000000e+00
-1.467836999999999995e-10 7.000000000000000000e+00
-1.571975999999999949e-10 8.000000000000000000e+00
-1.548005000000000022e-10 1.000000000000000000e+01
-1.644214999999999993e-10 1.100000000000000000e+01
-1.732677000000000033e-10 1.300000000000000000e+01
-1.531649000000000022e-10 1.400000000000000000e+01
-1.637942000000000050e-10 1.500000000000000000e+01
-1.691459999999999968e-10 1.700000000000000000e+01
-1.643232999999999996e-10 1.800000000000000000e+01
-1.640972999999999995e-10 2.000000000000000000e+01
-1.594398999999999883e-10 2.100000000000000000e+01
-1.590835999999999923e-10 2.200000000000000000e+01
-1.640469999999999920e-10 2.400000000000000000e+01
-1.468129000000000018e-10 2.500000000000000000e+01
-1.527520000000000067e-10 2.700000000000000000e+01
-1.530277000000000040e-10 2.800000000000000000e+01
-1.651473000000000114e-10 2.900000000000000000e+01
-1.649711999999999948e-10 3.100000000000000000e+01
-1.633482000000000047e-10 3.200000000000000000e+01
-1.792140000000000028e-10 3.300000000000000000e+01
-1.704672999999999992e-10 3.500000000000000000e+01
-1.813231000000000064e-10 3.600000000000000000e+01
-1.661855000000000100e-10 3.700000000000000000e+01
-1.773041000000000123e-10 3.900000000000000000e+01
-1.562251000000000016e-10 4.000000000000000000e+01
