-1.681038999999999906e-09 0.000000000000000000e+00
-1.714447999999999992e-09 2.000000000000000000e+00
-1.843027999999999976e-09 3.000000000000000000e+00
-1.711518999999999991e-09 4.000000000000000000e+00
-1.671840999999999997e-09 6.000000000000000000e+00
-1.586206000000000013e-09 7.000000000000000000e+00
-1.593071999999999976e-09 9.000000000000000000e+00
-1.715344000000000027e-09 1.000000000000000000e+01
-1.699955000000000051e-09 1.100000000000000000e+01
-1.645272000000000065e-09 1.200000000000000000e+01
-1.782877999999999931e-09 1.400000000000000000e+01
-1.650474000000000023e-09 1.500000000000000000e+01
-1.871452000000000001e-09 1.700000000000000000e+01
-1.590775000000000020e-09 1.800000000000000000e+01
-1.817497000000000057e-09 2.000000000000000000e+01
-1.791232999999999950e-09 2.100000000000000000e+01
-1.568041000000000004e-09 2.200000000000000000e+01
-1.669088999999999963e-09 2.400000000000000000e+01
-1.639504999999999913e-09 2.500000000000000000e+01
-1.710448000000000006e-09 2.600000000000000000e+01
-1.629593000000000082e-09 2.800000000000000000e+01
-1.712914999999999973e-09 2.900000000000000000e+01
-1.628632999999999912e-09 3.100000000000000000e+01
-1.696330000000000076e-09 3.200000000000000000e+01
-1.499624999999999978e-09 3.300000000000000000e+01
-1.927022999999999954e-09 3.500000000000000000e+01
-1.594641000000000098e-09 3.600000000000000000e+01
-2.001954000000000137e-09 3.700000000000000000e+01
-1.862612000000000061e-09 3.900000000000000000e+01
-1.784630000000000071e-09 4.000000000000000000e+01
