-9.251266000000000011e-09 3.899999999994179234e-01
-9.560575000000000561e-09 1.799999999999272404e+00
-1.018928999999999925e-08 3.189999999998690328e+00
-1.050122999999999973e-08 4.579999999998108251e+00
-9.853311000000000490e-09 5.959999999999126885e+00
-9.462616000000000114e-09 7.349999999998544808e+00
-9.311896999999999530e-09 8.750000000000000000e+00
-1.025401000000000025e-08 1.013999999999941792e+01
-1.005329000000000055e-08 1.154000000000087311e+01
-9.925439999999999176e-09 1.293000000000029104e+01
-9.922626000000000472e-09 1.431999999999970896e+01
-9.730156000000000205e-09 1.570000000000072760e+01
-1.041435000000000054e-08 1.709999999999854481e+01
-1.031827000000000019e-08 1.850000000000000000e+01
-9.701956000000000654e-09 1.988999999999941792e+01
-1.005180000000000038e-08 2.129000000000087311e+01
-9.852068999999999968e-09 2.268000000000029104e+01
-1.017981999999999970e-08 2.406999999999970896e+01
-1.012472999999999963e-08 2.545999999999912689e+01
-1.056910000000000065e-08 2.684999999999854481e+01
-1.023364000000000024e-08 2.823999999999796273e+01
-1.041753000000000011e-08 2.963999999999941792e+01
-9.361731000000000001e-09 3.102999999999883585e+01
-1.008625000000000040e-08 3.243000000000029104e+01
-1.149554999999999966e-08 3.381999999999970896e+01
-9.792861000000000766e-09 3.520000000000072760e+01
-1.000176000000000042e-08 3.661000000000058208e+01
-1.024772000000000026e-08 3.800999999999839929e+01
-1.096840999999999935e-08 3.941999999999825377e+01
-9.780484999999999649e-09 4.081999999999970896e+01
-1.042836999999999963e-08 4.220000000000072760e+01
-1.041726000000000007e-08 4.359000000000014552e+01
-1.047241999999999929e-08 4.498999999999796273e+01
-9.896878000000000035e-09 4.638000000000101863e+01
-1.006573000000000056e-08 4.777000000000043656e+01
-1.006487999999999927e-08 4.915999999999985448e+01
-1.030655999999999961e-08 5.055999999999767169e+01
-1.041593999999999950e-08 5.193999999999869033e+01
-9.749563999999999607e-09 5.334000000000014552e+01
-1.061221000000000010e-08 5.472999999999956344e+01
-1.050522999999999930e-08 5.611999999999898137e+01
-9.429560999999999756e-09 5.750999999999839929e+01
-1.020127999999999975e-08 5.889999999999781721e+01
-1.010144000000000022e-08 6.027999999999883585e+01
-1.042250999999999940e-08 6.166999999999825377e+01
-1.083729999999999938e-08 6.305999999999767169e+01
-1.044753999999999927e-08 6.445999999999912689e+01
-1.002813000000000061e-08 6.586000000000058208e+01
-1.024156000000000036e-08 6.725000000000000000e+01
-9.712758999999999960e-09 6.863999999999941792e+01
-1.063041999999999978e-08 7.002999999999883585e+01
-9.527583000000000433e-09 7.141999999999825377e+01
-1.057653000000000008e-08 7.282999999999810825e+01
-1.059636999999999988e-08 7.422000000000116415e+01
-1.129210999999999979e-08 7.561999999999898137e+01
-1.027652000000000082e-08 7.702000000000043656e+01
-1.022179999999999959e-08 7.840999999999985448e+01
-1.158848999999999996e-08 7.979000000000087311e+01
-1.073954999999999938e-08 8.118000000000029104e+01
-1.030656999999999949e-08 8.259000000000014552e+01
-1.083144000000000080e-08 8.397000000000116415e+01
-9.993385999999999512e-09 8.536000000000058208e+01
-1.036340000000000001e-08 8.675000000000000000e+01
-1.041037000000000073e-08 8.813999999999941792e+01
-1.014851999999999961e-08 8.952999999999883585e+01
-1.023959999999999926e-08 9.093000000000029104e+01
-1.124206999999999983e-08 9.234000000000014552e+01
-1.102670000000000040e-08 9.372999999999956344e+01
-1.012095000000000071e-08 9.511999999999898137e+01
-1.066793000000000082e-08 9.652000000000043656e+01
-1.038650999999999994e-08 9.791999999999825377e+01
-1.097068000000000000e-08 9.931999999999970896e+01
-1.085797000000000071e-08 1.007000000000007276e+02
-1.070746000000000058e-08 1.020799999999981083e+02
-1.048193999999999989e-08 1.034700000000011642e+02
-1.104445000000000067e-08 1.048699999999989814e+02
-1.054220000000000026e-08 1.062700000000004366e+02
-1.067879999999999997e-08 1.076699999999982538e+02
-1.089959999999999987e-08 1.090599999999976717e+02
-1.094591000000000031e-08 1.104599999999991269e+02
-1.068499999999999939e-08 1.118600000000005821e+02
-1.014339000000000048e-08 1.132500000000000000e+02
-1.032936999999999987e-08 1.146399999999994179e+02
-1.140431000000000029e-08 1.160200000000004366e+02
-1.069114999999999942e-08 1.174099999999998545e+02
-1.098347000000000074e-08 1.187999999999992724e+02
-1.132834999999999966e-08 1.201899999999986903e+02
-1.133012999999999963e-08 1.215799999999981083e+02
-1.140459000000000022e-08 1.229700000000011642e+02
-1.073941999999999930e-08 1.243699999999989814e+02
-1.018168000000000035e-08 1.257599999999983993e+02
-1.061603000000000020e-08 1.271399999999994179e+02
-9.588645000000000031e-09 1.285299999999988358e+02
-1.061750000000000061e-08 1.299300000000002910e+02
-1.092679999999999995e-08 1.313099999999976717e+02
-1.110597000000000068e-08 1.327099999999991269e+02
-1.058142000000000046e-08 1.340999999999985448e+02
-1.083133000000000048e-08 1.355000000000000000e+02
-1.068005999999999962e-08 1.368800000000010186e+02
-1.058869000000000017e-08 1.382700000000004366e+02
-1.029836999999999946e-08 1.396599999999998545e+02
-1.072549000000000077e-08 1.410499999999992724e+02
-1.110776000000000053e-08 1.424399999999986903e+02
-1.100912999999999960e-08 1.438199999999997090e+02
-1.042094000000000021e-08 1.452000000000007276e+02
-1.075095000000000039e-08 1.465999999999985448e+02
-1.117848000000000005e-08 1.480000000000000000e+02
-1.077227000000000048e-08 1.493899999999994179e+02
-1.066096000000000079e-08 1.507700000000004366e+02
-1.033383000000000049e-08 1.521599999999998545e+02
-1.051510000000000063e-08 1.535599999999976717e+02
-1.131697000000000006e-08 1.549300000000002910e+02
-1.043676000000000067e-08 1.563199999999997090e+02
-1.103282000000000078e-08 1.577200000000011642e+02
-1.059881000000000013e-08 1.591100000000005821e+02
-1.106854000000000033e-08 1.605000000000000000e+02
-1.057008000000000037e-08 1.618999999999978172e+02
-1.154736999999999959e-08 1.632999999999992724e+02
-1.058146999999999986e-08 1.646899999999986903e+02
-1.057903999999999948e-08 1.660699999999997090e+02
-1.041164000000000025e-08 1.674599999999991269e+02
-1.091984999999999967e-08 1.688699999999989814e+02
-1.164932000000000005e-08 1.702700000000004366e+02
-1.041512999999999937e-08 1.716499999999978172e+02
-1.085064999999999995e-08 1.730499999999992724e+02
-1.027365000000000081e-08 1.744500000000007276e+02
-1.044777999999999967e-08 1.758400000000001455e+02
-1.080090999999999967e-08 1.772399999999979627e+02
-1.166479999999999967e-08 1.786199999999989814e+02
-1.051151999999999929e-08 1.800099999999983993e+02
-1.095597999999999922e-08 1.813999999999978172e+02
-1.031962000000000039e-08 1.827799999999988358e+02
-1.013450000000000052e-08 1.841699999999982538e+02
-1.079320000000000032e-08 1.855599999999976717e+02
-1.102219000000000038e-08 1.869500000000007276e+02
-1.119727999999999920e-08 1.883499999999985448e+02
-1.014142999999999938e-08 1.897299999999995634e+02
-1.142071000000000036e-08 1.911199999999989814e+02
-1.064917999999999941e-08 1.925099999999983993e+02
-1.025795000000000054e-08 1.938999999999978172e+02
-1.046378999999999949e-08 1.952900000000008731e+02
-1.215194999999999917e-08 1.966899999999986903e+02
-1.095563000000000014e-08 1.980999999999985448e+02
-1.135962000000000011e-08 1.994899999999979627e+02
-1.073399000000000048e-08 2.008800000000010186e+02
-1.121859999999999929e-08 2.022700000000004366e+02
-1.099345000000000074e-08 2.036599999999998545e+02
-1.219570000000000081e-08 2.050299999999988358e+02
-1.154593000000000047e-08 2.064300000000002910e+02
-1.139854000000000063e-08 2.078199999999997090e+02
-1.083853999999999926e-08 2.092000000000007276e+02
-1.154725999999999927e-08 2.105900000000001455e+02
-1.075653000000000070e-08 2.119799999999995634e+02
-1.101360000000000010e-08 2.133800000000010186e+02
-1.110142999999999937e-08 2.147799999999988358e+02
-9.934227999999999705e-09 2.161800000000002910e+02
-1.058671999999999919e-08 2.175900000000001455e+02
-1.108808000000000045e-08 2.189799999999995634e+02
-1.124838999999999945e-08 2.203699999999989814e+02
-1.091412999999999941e-08 2.217799999999988358e+02
-1.059647000000000032e-08 2.231599999999998545e+02
-1.033807000000000047e-08 2.245499999999992724e+02
-1.070577999999999940e-08 2.259399999999986903e+02
-1.176377999999999968e-08 2.273499999999985448e+02
-1.085329999999999932e-08 2.287399999999979627e+02
-1.134016000000000068e-08 2.301300000000010186e+02
-1.098971999999999956e-08 2.315200000000004366e+02
-1.049374999999999925e-08 2.329099999999998545e+02
-1.030204999999999960e-08 2.343099999999976717e+02
-1.036226000000000057e-08 2.356899999999986903e+02
-1.128699000000000054e-08 2.370900000000001455e+02
-1.064378000000000023e-08 2.384899999999979627e+02
-1.138588999999999986e-08 2.398899999999994179e+02
-1.136768000000000018e-08 2.412799999999988358e+02
-1.050485000000000059e-08 2.426599999999998545e+02
-1.061330000000000015e-08 2.440499999999992724e+02
-1.172603999999999976e-08 2.454300000000002910e+02
-1.163117999999999953e-08 2.468299999999981083e+02
-1.094139000000000041e-08 2.482299999999995634e+02
-1.061499999999999943e-08 2.496199999999989814e+02
-1.057188999999999998e-08 2.510000000000000000e+02
-1.029891999999999942e-08 2.523899999999994179e+02
-1.099926999999999980e-08 2.537799999999988358e+02
-1.119989000000000071e-08 2.551599999999998545e+02
-1.085745000000000039e-08 2.565499999999992724e+02
-1.115646000000000016e-08 2.579399999999986903e+02
-1.168487999999999988e-08 2.593299999999981083e+02
-1.091623000000000047e-08 2.607399999999979627e+02
-1.071633000000000077e-08 2.621199999999989814e+02
-1.094935999999999992e-08 2.635200000000004366e+02
-1.036879999999999918e-08 2.649099999999998545e+02
-1.070044999999999938e-08 2.662999999999992724e+02
-1.061180999999999998e-08 2.676800000000002910e+02
-1.114476999999999935e-08 2.690699999999997090e+02
-1.047696000000000060e-08 2.704599999999991269e+02
-1.134144000000000008e-08 2.718499999999985448e+02
-1.072541000000000009e-08 2.732500000000000000e+02
-1.096863999999999988e-08 2.746300000000010186e+02
-1.059447999999999959e-08 2.760299999999988358e+02
-1.116681000000000065e-08 2.774099999999998545e+02
-1.109571000000000076e-08 2.787999999999992724e+02
-1.109426000000000011e-08 2.801800000000002910e+02
-1.154866000000000053e-08 2.815799999999981083e+02
-1.099489999999999974e-08 2.829799999999995634e+02
-1.057848999999999952e-08 2.843699999999989814e+02
-1.157486999999999934e-08 2.857700000000004366e+02
-1.086277000000000053e-08 2.871699999999982538e+02
-1.065109999999999934e-08 2.885599999999976717e+02
-1.048709000000000044e-08 2.899599999999991269e+02
-1.094607000000000002e-08 2.913600000000005821e+02
-1.151534999999999994e-08 2.927599999999983993e+02
-1.157546000000000047e-08 2.941399999999994179e+02
-1.153831999999999992e-08 2.955299999999988358e+02
-1.135674000000000022e-08 2.969199999999982538e+02
-1.102851999999999988e-08 2.982999999999992724e+02
-1.063641999999999996e-08 2.996899999999986903e+02
-1.122650999999999952e-08 3.010799999999981083e+02
-1.128519000000000081e-08 3.024700000000011642e+02
-1.079906000000000055e-08 3.038800000000010186e+02
-1.072608000000000025e-08 3.052799999999988358e+02
-1.093540999999999998e-08 3.066800000000002910e+02
-1.087232000000000077e-08 3.080699999999997090e+02
-1.062165999999999990e-08 3.094500000000007276e+02
-1.011472999999999987e-08 3.108499999999985448e+02
-1.113362000000000027e-08 3.122399999999979627e+02
-1.073594999999999993e-08 3.136300000000010186e+02
-1.178423000000000036e-08 3.150200000000004366e+02
-1.096848000000000016e-08 3.164099999999998545e+02
-9.771634999999999210e-09 3.178099999999976717e+02
-1.058783000000000065e-08 3.192000000000007276e+02
-1.104341000000000002e-08 3.205900000000001455e+02
-1.046848000000000064e-08 3.219899999999979627e+02
-1.064717000000000057e-08 3.233899999999994179e+02
-1.119129000000000055e-08 3.247799999999988358e+02
-1.127404999999999996e-08 3.261599999999998545e+02
-9.987337000000000250e-09 3.275499999999992724e+02
-1.108672000000000036e-08 3.289399999999986903e+02
-1.087793000000000071e-08 3.303499999999985448e+02
-1.072925999999999982e-08 3.317299999999995634e+02
-1.109633999999999975e-08 3.331199999999989814e+02
-1.062291999999999954e-08 3.345099999999983993e+02
-1.058035000000000017e-08 3.358999999999978172e+02
-1.107891000000000057e-08 3.372799999999988358e+02
-1.047004999999999984e-08 3.386699999999982538e+02
-9.698136000000000558e-09 3.400599999999976717e+02
-1.083013000000000011e-08 3.414700000000011642e+02
-1.009571999999999996e-08 3.428600000000005821e+02
-1.015563999999999948e-08 3.442500000000000000e+02
-9.761691999999999423e-09 3.456399999999994179e+02
-1.012825000000000005e-08 3.470400000000008731e+02
-9.912023000000000400e-09 3.484500000000007276e+02
-1.096243000000000058e-08 3.498400000000001455e+02
-1.032059000000000024e-08 3.512299999999995634e+02
-1.034923999999999931e-08 3.526300000000010186e+02
-1.071363000000000036e-08 3.540299999999988358e+02
-1.084383999999999964e-08 3.553999999999978172e+02
-1.007751000000000029e-08 3.567999999999992724e+02
-9.812410000000000447e-09 3.581800000000002910e+02
-1.067308999999999959e-08 3.595799999999981083e+02
-1.036410999999999969e-08 3.609599999999991269e+02
-1.005224999999999990e-08 3.623499999999985448e+02
-1.017679999999999985e-08 3.637399999999979627e+02
-9.531452999999999925e-09 3.651199999999989814e+02
-1.054254999999999933e-08 3.665200000000004366e+02
-9.610827000000000275e-09 3.679199999999982538e+02
-9.590097999999999984e-09 3.692999999999992724e+02
-9.809819000000000036e-09 3.706899999999986903e+02
-1.041516000000000067e-08 3.720900000000001455e+02
-9.858227999999999554e-09 3.734799999999995634e+02
-9.971825000000000356e-09 3.748699999999989814e+02
-9.329136999999999359e-09 3.762500000000000000e+02
-9.380557999999999486e-09 3.776399999999994179e+02
-1.046769000000000028e-08 3.790400000000008731e+02
-9.402155000000000192e-09 3.804399999999986903e+02
-1.036725999999999962e-08 3.818400000000001455e+02
-9.926626000000000045e-09 3.832299999999995634e+02
-9.255830000000000700e-09 3.846199999999989814e+02
-9.867968000000000804e-09 3.860200000000004366e+02
-1.000263999999999970e-08 3.874199999999982538e+02
-9.901302000000000764e-09 3.887999999999992724e+02
-1.044285999999999965e-08 3.901899999999986903e+02
-9.625846000000000180e-09 3.915900000000001455e+02
-1.002909000000000057e-08 3.929799999999995634e+02
-1.001251999999999925e-08 3.943699999999989814e+02
-9.590665000000000402e-09 3.957700000000004366e+02
-1.039528999999999958e-08 3.971599999999998545e+02
-9.732256999999999927e-09 3.985499999999992724e+02
-9.738813000000000334e-09 3.999399999999986903e+02
-1.048874000000000032e-08 4.013400000000001455e+02
-9.905905000000000649e-09 4.027200000000011642e+02
-9.534585999999999401e-09 4.041199999999989814e+02
-1.008766999999999976e-08 4.055000000000000000e+02
-9.298822000000000586e-09 4.068800000000010186e+02
-9.381304000000000715e-09 4.082799999999988358e+02
-9.862793000000000561e-09 4.096899999999986903e+02
-9.759899000000000275e-09 4.110900000000001455e+02
-1.000540999999999926e-08 4.124700000000011642e+02
-9.874834000000000768e-09 4.138600000000005821e+02
-1.055366000000000055e-08 4.152500000000000000e+02
-9.522451999999999327e-09 4.166499999999978172e+02
