-8.354752999999999428e-11 0.000000000000000000e+00
-7.380539000000000284e-11 2.000000000000000000e+00
-7.728779999999999547e-11 3.000000000000000000e+00
-7.630859000000000615e-11 5.000000000000000000e+00
-7.602005000000000261e-11 6.000000000000000000e+00
-7.177439000000000230e-11 8.000000000000000000e+00
-7.994435999999999400e-11 9.000000000000000000e+00
-8.491328000000000066e-11 1.000000000000000000e+01
-6.881763000000000310e-11 1.100000000000000000e+01
-7.185495000000000373e-11 1.300000000000000000e+01
-7.417343000000000336e-11 1.400000000000000000e+01
-8.490355000000000611e-11 1.600000000000000000e+01
-7.116072000000000498e-11 1.700000000000000000e+01
-7.488437000000000638e-11 1.900000000000000000e+01
-7.409133999999999760e-11 2.000000000000000000e+01
-7.402935000000000141e-11 2.100000000000000000e+01
-7.486251999999999472e-11 2.300000000000000000e+01
-8.180318000000000485e-11 2.400000000000000000e+01
-7.025909999999999574e-11 2.500000000000000000e+01
-7.243293000000000042e-11 2.700000000000000000e+01
-7.012256999999999652e-11 2.800000000000000000e+01
-7.554958999999999615e-11 2.900000000000000000e+01
-7.145113999999999517e-11 3.100000000000000000e+01
-8.030360999999999976e-11 3.200000000000000000e+01
-7.207746000000000537e-11 3.400000000000000000e+01
-7.301502000000000446e-11 3.500000000000000000e+01
-8.292243000000000334e-11 3.600000000000000000e+01
-7.276603999999999960e-11 3.800000000000000000e+01
-6.633956999999999780e-11 3.900000000000000000e+01
-7.270044000000000036e-11 4.100000000000000000e+01
