-3.366910000000000112e-10 0.000000000000000000e+00
-2.939160000000000219e-10 2.000000000000000000e+00
-4.773809999999999669e-10 3.000000000000000000e+00
-3.689977000000000088e-10 5.000000000000000000e+00
-2.764443000000000046e-10 6.000000000000000000e+00
-3.080374999999999819e-10 8.000000000000000000e+00
-2.915708000000000040e-10 9.000000000000000000e+00
-3.620649999999999796e-10 1.000000000000000000e+01
-3.040625999999999835e-10 1.100000000000000000e+01
-3.251845999999999753e-10 1.300000000000000000e+01
-3.621022999999999791e-10 1.400000000000000000e+01
-3.095621000000000120e-10 1.600000000000000000e+01
-3.385473000000000020e-10 1.700000000000000000e+01
-3.113657000000000056e-10 1.800000000000000000e+01
-2.921205000000000254e-10 2.000000000000000000e+01
-3.314446000000000137e-10 2.100000000000000000e+01
-2.920223999999999800e-10 2.200000000000000000e+01
-3.933887000000000231e-10 2.400000000000000000e+01
-3.200700000000000125e-10 2.500000000000000000e+01
-3.565657000000000150e-10 2.700000000000000000e+01
-2.659794999999999913e-10 2.800000000000000000e+01
-2.684892000000000245e-10 3.000000000000000000e+01
-3.554092000000000200e-10 3.100000000000000000e+01
-3.033257999999999805e-10 3.200000000000000000e+01
-3.463572000000000186e-10 3.400000000000000000e+01
-2.810626999999999914e-10 3.500000000000000000e+01
-2.845725000000000014e-10 3.700000000000000000e+01
-3.373542000000000240e-10 3.800000000000000000e+01
-3.104270999999999878e-10 3.900000000000000000e+01
-3.207085000000000098e-10 4.100000000000000000e+01
