-4.277512000000000169e-10 0.000000000000000000e+00
-3.216013000000000069e-10 2.000000000000000000e+00
-3.443591999999999910e-10 3.000000000000000000e+00
-2.974708999999999845e-10 4.000000000000000000e+00
-3.019493999999999913e-10 6.000000000000000000e+00
-2.430685000000000070e-10 7.000000000000000000e+00
-4.430963000000000098e-10 9.000000000000000000e+00
-4.192360999999999891e-10 1.000000000000000000e+01
-3.844238000000000245e-10 1.100000000000000000e+01
-2.599884000000000056e-10 1.200000000000000000e+01
-4.040021999999999783e-10 1.400000000000000000e+01
-3.403419000000000218e-10 1.600000000000000000e+01
-2.266285999999999902e-10 1.700000000000000000e+01
-6.469260999999999546e-10 1.800000000000000000e+01
-3.222515999999999918e-10 1.900000000000000000e+01
-4.655268000000000080e-10 2.100000000000000000e+01
-3.386062999999999911e-10 2.200000000000000000e+01
-3.649044999999999883e-10 2.400000000000000000e+01
-2.876400000000000014e-10 2.500000000000000000e+01
-3.408571999999999859e-10 2.600000000000000000e+01
-2.881222000000000124e-10 2.800000000000000000e+01
-5.920510999999999760e-10 2.900000000000000000e+01
-2.904511999999999844e-10 3.100000000000000000e+01
-3.557580999999999835e-10 3.200000000000000000e+01
-3.534938999999999884e-10 3.300000000000000000e+01
-4.502858000000000086e-10 3.500000000000000000e+01
-4.192485000000000128e-10 3.600000000000000000e+01
-4.557395000000000163e-10 3.700000000000000000e+01
-2.432464999999999830e-10 3.900000000000000000e+01
-3.984679000000000236e-10 4.000000000000000000e+01
