-1.073280000000000041e-09 1.000000000000000000e+00
-1.132571999999999964e-09 2.000000000000000000e+00
-1.125359000000000022e-09 3.000000000000000000e+00
-1.104819999999999913e-09 5.000000000000000000e+00
-1.083415000000000027e-09 6.000000000000000000e+00
-1.134721000000000098e-09 7.000000000000000000e+00
-1.202828000000000057e-09 9.000000000000000000e+00
-1.071692000000000067e-09 1.000000000000000000e+01
-1.087572000000000016e-09 1.200000000000000000e+01
-1.126744000000000013e-09 1.300000000000000000e+01
-1.075648999999999994e-09 1.400000000000000000e+01
-1.148837999999999916e-09 1.600000000000000000e+01
-1.192826000000000074e-09 1.700000000000000000e+01
-1.089247000000000013e-09 1.900000000000000000e+01
-1.224980000000000044e-09 2.000000000000000000e+01
-1.191987999999999917e-09 2.200000000000000000e+01
-1.031214999999999938e-09 2.300000000000000000e+01
-1.149410000000000066e-09 2.400000000000000000e+01
-1.097992999999999974e-09 2.600000000000000000e+01
-1.060046999999999948e-09 2.700000000000000000e+01
-1.178016999999999904e-09 2.800000000000000000e+01
-1.128480000000000016e-09 3.000000000000000000e+01
-1.101772000000000029e-09 3.100000000000000000e+01
-1.084261999999999952e-09 3.300000000000000000e+01
-1.195197000000000045e-09 3.400000000000000000e+01
-1.105405000000000072e-09 3.500000000000000000e+01
-1.049667999999999937e-09 3.700000000000000000e+01
-1.059852000000000033e-09 3.800000000000000000e+01
-1.074024999999999918e-09 3.900000000000000000e+01
-1.049231000000000014e-09 4.100000000000000000e+01
