-9.785353999999999956e-10 0.000000000000000000e+00
-8.890419999999999787e-10 2.000000000000000000e+00
-8.926679999999999618e-10 3.000000000000000000e+00
-9.400511000000000151e-10 4.000000000000000000e+00
-8.826249000000000092e-10 6.000000000000000000e+00
-8.980492999999999999e-10 7.000000000000000000e+00
-9.411522999999999078e-10 8.000000000000000000e+00
-8.832332000000000473e-10 1.000000000000000000e+01
-9.740348999999999034e-10 1.100000000000000000e+01
-9.162098000000000221e-10 1.200000000000000000e+01
-9.314746999999999370e-10 1.400000000000000000e+01
-8.987497999999999604e-10 1.500000000000000000e+01
-9.534961000000000653e-10 1.600000000000000000e+01
-9.319898999999999726e-10 1.800000000000000000e+01
-8.745925999999999769e-10 1.900000000000000000e+01
-9.621729999999999198e-10 2.100000000000000000e+01
-8.865771999999999895e-10 2.200000000000000000e+01
-9.234768000000000137e-10 2.300000000000000000e+01
-9.393589000000000120e-10 2.500000000000000000e+01
-8.851978999999999547e-10 2.600000000000000000e+01
