-2.207670000000000091e-09 0.000000000000000000e+00
-2.246731000000000066e-09 1.000000000000000000e+00
-2.198060000000000162e-09 3.000000000000000000e+00
-2.447650999999999823e-09 4.000000000000000000e+00
-2.135351999999999886e-09 6.000000000000000000e+00
-2.375334999999999842e-09 7.000000000000000000e+00
-2.234387999999999957e-09 8.000000000000000000e+00
-2.342184999999999807e-09 1.000000000000000000e+01
-2.192840000000000050e-09 1.100000000000000000e+01
-2.231186999999999897e-09 1.200000000000000000e+01
-2.361433999999999809e-09 1.400000000000000000e+01
-2.167659999999999936e-09 1.500000000000000000e+01
-2.206741000000000083e-09 1.600000000000000000e+01
-2.184298000000000184e-09 1.800000000000000000e+01
-2.212485000000000141e-09 1.900000000000000000e+01
-2.281657000000000034e-09 2.100000000000000000e+01
-2.365548000000000153e-09 2.200000000000000000e+01
-2.173970999999999999e-09 2.300000000000000000e+01
-2.118709000000000112e-09 2.500000000000000000e+01
-2.318405000000000123e-09 2.600000000000000000e+01
-2.361144000000000010e-09 2.700000000000000000e+01
-2.232181999999999851e-09 2.900000000000000000e+01
-2.192944000000000115e-09 3.000000000000000000e+01
-2.293987000000000135e-09 3.200000000000000000e+01
-2.281872999999999819e-09 3.300000000000000000e+01
-2.235037000000000044e-09 3.500000000000000000e+01
-2.325773999999999955e-09 3.600000000000000000e+01
-2.226723999999999972e-09 3.700000000000000000e+01
-2.181268000000000041e-09 3.900000000000000000e+01
-2.415366000000000073e-09 4.000000000000000000e+01
