-8.281242999999999545e-09 0.000000000000000000e+00
-8.172001000000000637e-09 1.000000000000000000e+00
-8.140239999999999179e-09 3.000000000000000000e+00
-8.156353000000000403e-09 4.000000000000000000e+00
-8.091111000000000102e-09 6.000000000000000000e+00
-8.271718999999999320e-09 7.000000000000000000e+00
-8.177885000000000241e-09 9.000000000000000000e+00
-8.218009999999999418e-09 1.000000000000000000e+01
-8.424101000000000624e-09 1.100000000000000000e+01
-8.126757999999999535e-09 1.200000000000000000e+01
-8.081598000000000075e-09 1.400000000000000000e+01
-8.371795999999999945e-09 1.500000000000000000e+01
-8.356238000000000277e-09 1.700000000000000000e+01
-7.866084999999999726e-09 1.800000000000000000e+01
-8.429713999999999869e-09 2.000000000000000000e+01
-8.143464999999999858e-09 2.100000000000000000e+01
-8.106667000000000788e-09 2.200000000000000000e+01
-8.596547000000000341e-09 2.400000000000000000e+01
-8.240859999999999189e-09 2.500000000000000000e+01
-8.345593000000000051e-09 2.600000000000000000e+01
-8.027275999999999981e-09 2.800000000000000000e+01
-8.281453000000000312e-09 2.900000000000000000e+01
-8.552855999999999318e-09 3.000000000000000000e+01
-8.509874999999999629e-09 3.200000000000000000e+01
-8.397778000000000528e-09 3.300000000000000000e+01
-8.380301999999999916e-09 3.500000000000000000e+01
-8.228771000000000225e-09 3.600000000000000000e+01
-8.031053999999999924e-09 3.700000000000000000e+01
-8.283244000000000477e-09 3.900000000000000000e+01
-8.232342000000000356e-09 4.000000000000000000e+01
