-1.573505999999999891e-10 1.000000000000000000e+00
-1.535926000000000110e-10 2.000000000000000000e+00
-1.271130999999999940e-10 3.000000000000000000e+00
-1.307744999999999913e-10 5.000000000000000000e+00
-1.509295999999999913e-10 6.000000000000000000e+00
-1.635679000000000127e-10 8.000000000000000000e+00
-1.177118000000000050e-10 9.000000000000000000e+00
-1.258230999999999912e-10 1.000000000000000000e+01
-1.430539999999999953e-10 1.100000000000000000e+01
-1.897576999999999898e-10 1.300000000000000000e+01
-1.657365999999999899e-10 1.400000000000000000e+01
-1.388010000000000101e-10 1.600000000000000000e+01
-1.534253999999999880e-10 1.700000000000000000e+01
-1.741113000000000075e-10 1.900000000000000000e+01
-1.375487000000000050e-10 2.000000000000000000e+01
-1.590783000000000089e-10 2.100000000000000000e+01
-1.756440999999999891e-10 2.300000000000000000e+01
-1.335841000000000071e-10 2.400000000000000000e+01
-1.207146000000000083e-10 2.600000000000000000e+01
-2.241568999999999986e-10 2.700000000000000000e+01
-1.758620999999999980e-10 2.800000000000000000e+01
-1.449566000000000110e-10 3.000000000000000000e+01
-1.731602999999999919e-10 3.100000000000000000e+01
-1.242277999999999905e-10 3.200000000000000000e+01
-1.382876000000000054e-10 3.400000000000000000e+01
-2.144438999999999878e-10 3.500000000000000000e+01
-1.534524999999999930e-10 3.700000000000000000e+01
-2.900828000000000087e-10 3.800000000000000000e+01
-1.942124999999999898e-10 3.900000000000000000e+01
-1.313992000000000098e-10 4.100000000000000000e+01
