-2.437516999999999949e-09 0.000000000000000000e+00
-2.162133999999999887e-09 1.000000000000000000e+00
-2.402293000000000113e-09 3.000000000000000000e+00
-2.454811999999999939e-09 4.000000000000000000e+00
-2.248734999999999887e-09 5.000000000000000000e+00
-2.564703000000000175e-09 7.000000000000000000e+00
-2.443086000000000056e-09 8.000000000000000000e+00
-2.225454999999999942e-09 9.000000000000000000e+00
-2.218450999999999829e-09 1.100000000000000000e+01
-2.181185999999999958e-09 1.200000000000000000e+01
-2.450811000000000048e-09 1.300000000000000000e+01
-2.490398000000000192e-09 1.500000000000000000e+01
-2.540762000000000040e-09 1.600000000000000000e+01
-2.392766000000000172e-09 1.800000000000000000e+01
-2.583446000000000180e-09 1.900000000000000000e+01
-2.284079999999999830e-09 2.000000000000000000e+01
-2.458144999999999890e-09 2.200000000000000000e+01
-2.287131999999999956e-09 2.300000000000000000e+01
-2.268357999999999995e-09 2.500000000000000000e+01
-2.490117999999999858e-09 2.600000000000000000e+01
-2.345396000000000159e-09 2.700000000000000000e+01
-2.350142000000000134e-09 2.900000000000000000e+01
-2.122513000000000072e-09 3.000000000000000000e+01
-2.484301000000000105e-09 3.200000000000000000e+01
-2.318593999999999986e-09 3.300000000000000000e+01
-2.290651999999999960e-09 3.400000000000000000e+01
-2.169522999999999892e-09 3.600000000000000000e+01
-2.180902999999999908e-09 3.700000000000000000e+01
-2.245790999999999860e-09 3.800000000000000000e+01
-2.356428999999999990e-09 4.000000000000000000e+01
