-4.762172000000000127e-09 1.000000000000000000e+00
-4.648295999999999723e-09 2.000000000000000000e+00
-4.717763999999999674e-09 3.000000000000000000e+00
-5.067134999999999997e-09 5.000000000000000000e+00
-5.144983000000000285e-09 6.000000000000000000e+00
-4.765273000000000156e-09 8.000000000000000000e+00
-5.149643000000000143e-09 9.000000000000000000e+00
-4.665364000000000145e-09 1.100000000000000000e+01
-4.458675000000000219e-09 1.200000000000000000e+01
-4.531818999999999858e-09 1.300000000000000000e+01
-5.014540999999999838e-09 1.500000000000000000e+01
-4.472410000000000275e-09 1.600000000000000000e+01
-5.346431999999999927e-09 1.700000000000000000e+01
-4.698021999999999682e-09 1.900000000000000000e+01
-5.164320999999999707e-09 2.000000000000000000e+01
-4.777562000000000009e-09 2.100000000000000000e+01
-4.973571999999999625e-09 2.300000000000000000e+01
-4.979649999999999860e-09 2.400000000000000000e+01
-4.778617999999999969e-09 2.500000000000000000e+01
-4.434148999999999718e-09 2.700000000000000000e+01
-5.405849999999999897e-09 2.800000000000000000e+01
-4.675402999999999928e-09 3.000000000000000000e+01
-4.429161000000000356e-09 3.100000000000000000e+01
-4.836988000000000048e-09 3.300000000000000000e+01
-4.315732000000000168e-09 3.400000000000000000e+01
-5.112601000000000221e-09 3.500000000000000000e+01
-4.651643999999999907e-09 3.700000000000000000e+01
-4.703416999999999744e-09 3.800000000000000000e+01
-4.819069999999999986e-09 4.000000000000000000e+01
-4.984272000000000012e-09 4.100000000000000000e+01
