-9.826626000000000804e-09 0.000000000000000000e+00
-9.682114000000000217e-09 1.000000000000000000e+00
-9.706783000000000807e-09 3.000000000000000000e+00
-9.833741000000000732e-09 4.000000000000000000e+00
-9.837201000000000222e-09 6.000000000000000000e+00
-1.009693000000000020e-08 7.000000000000000000e+00
-9.845912999999999684e-09 8.000000000000000000e+00
-9.785559000000000784e-09 1.000000000000000000e+01
-9.588695999999999744e-09 1.100000000000000000e+01
-1.028184999999999919e-08 1.300000000000000000e+01
-9.658320999999999284e-09 1.400000000000000000e+01
-9.646596000000000547e-09 1.500000000000000000e+01
-1.025143000000000003e-08 1.700000000000000000e+01
-1.004340999999999934e-08 1.800000000000000000e+01
-9.633601000000000635e-09 2.000000000000000000e+01
-9.872149000000000172e-09 2.100000000000000000e+01
-1.004019000000000025e-08 2.200000000000000000e+01
-9.841553999999999824e-09 2.400000000000000000e+01
-9.547933999999999343e-09 2.500000000000000000e+01
-1.002828000000000045e-08 2.600000000000000000e+01
-9.568647999999999815e-09 2.800000000000000000e+01
-9.753942999999999226e-09 2.900000000000000000e+01
-9.805809000000000585e-09 3.100000000000000000e+01
-9.965049999999999622e-09 3.200000000000000000e+01
-9.720677999999999755e-09 3.300000000000000000e+01
-9.795073999999999794e-09 3.500000000000000000e+01
-9.923106999999999945e-09 3.600000000000000000e+01
-9.411684000000000356e-09 3.800000000000000000e+01
-1.014928000000000034e-08 3.900000000000000000e+01
-9.885784999999999275e-09 4.000000000000000000e+01
-9.627031000000000729e-09 4.200000000000000000e+01
-9.828360999999999661e-09 4.300000000000000000e+01
-9.525683000000000264e-09 4.400000000000000000e+01
-1.024077999999999987e-08 4.600000000000000000e+01
-9.871528999999999402e-09 4.700000000000000000e+01
-1.002066999999999989e-08 4.800000000000000000e+01
-9.916468999999999870e-09 5.000000000000000000e+01
-9.901077000000000178e-09 5.100000000000000000e+01
-1.008619999999999935e-08 5.300000000000000000e+01
-9.859035000000000376e-09 5.400000000000000000e+01
-9.887424999999999282e-09 5.500000000000000000e+01
-9.691462000000000587e-09 5.700000000000000000e+01
-9.801838000000000330e-09 5.800000000000000000e+01
-1.006243000000000079e-08 6.000000000000000000e+01
-9.821095999999999893e-09 6.100000000000000000e+01
-9.733626999999999893e-09 6.200000000000000000e+01
-9.832734000000000675e-09 6.400000000000000000e+01
-9.681660999999999743e-09 6.500000000000000000e+01
-1.005968999999999920e-08 6.600000000000000000e+01
-9.793764000000000757e-09 6.800000000000000000e+01
