-2.435239999999999957e-09 1.000000000000000000e+00
-2.686819000000000129e-09 2.000000000000000000e+00
-2.705510000000000101e-09 3.000000000000000000e+00
-2.430288000000000076e-09 5.000000000000000000e+00
-2.397456000000000081e-09 6.000000000000000000e+00
-2.524693999999999926e-09 7.000000000000000000e+00
-2.690135000000000037e-09 9.000000000000000000e+00
-2.588873000000000103e-09 1.000000000000000000e+01
-2.755232000000000025e-09 1.200000000000000000e+01
-2.620099000000000177e-09 1.300000000000000000e+01
-2.552290999999999991e-09 1.400000000000000000e+01
-2.584834000000000093e-09 1.600000000000000000e+01
-2.547710999999999992e-09 1.700000000000000000e+01
-2.637504999999999982e-09 1.900000000000000000e+01
-2.542335000000000196e-09 2.000000000000000000e+01
-2.712786999999999971e-09 2.100000000000000000e+01
-2.472251999999999829e-09 2.200000000000000000e+01
-2.714213000000000003e-09 2.400000000000000000e+01
-2.477048000000000027e-09 2.600000000000000000e+01
-2.448652999999999940e-09 2.700000000000000000e+01
-2.619648999999999832e-09 2.800000000000000000e+01
-2.667440999999999950e-09 3.000000000000000000e+01
-2.497763999999999896e-09 3.100000000000000000e+01
-2.756631000000000135e-09 3.200000000000000000e+01
-2.528762000000000082e-09 3.400000000000000000e+01
-2.931113999999999852e-09 3.500000000000000000e+01
-2.523690999999999904e-09 3.700000000000000000e+01
-2.736921000000000004e-09 3.800000000000000000e+01
-2.639899000000000047e-09 3.900000000000000000e+01
-2.780010000000000205e-09 4.000000000000000000e+01
