-3.251218000000000053e-09 3.850000000002182787e-01
-3.212458999999999980e-09 1.788000000000010914e+00
-3.495367999999999877e-09 3.190000000000054570e+00
-3.194240999999999827e-09 4.589000000000396540e+00
-3.673301999999999937e-09 5.980000000000018190e+00
-3.306148999999999891e-09 7.387000000000170985e+00
-3.170205000000000014e-09 8.783000000000356522e+00
-3.544616999999999982e-09 1.017200000000002547e+01
-3.769762000000000242e-09 1.155100000000038563e+01
-3.090704000000000125e-09 1.295200000000022555e+01
-2.992502999999999877e-09 1.434100000000034925e+01
-2.966474000000000028e-09 1.573900000000003274e+01
-2.970103000000000037e-09 1.713200000000006185e+01
-3.481290000000000083e-09 1.853000000000020009e+01
-2.977100999999999892e-09 1.992900000000008731e+01
-3.083281999999999941e-09 2.132300000000032014e+01
-3.202592000000000018e-09 2.271900000000005093e+01
-3.144448000000000017e-09 2.410900000000037835e+01
-3.141840999999999883e-09 2.548600000000033106e+01
-3.292535999999999847e-09 2.688500000000021828e+01
-3.287451000000000170e-09 2.828800000000001091e+01
-3.416233999999999930e-09 2.966400000000021464e+01
-3.404159000000000052e-09 3.106900000000041473e+01
-3.036552000000000042e-09 3.246700000000009823e+01
-3.288762999999999844e-09 3.385700000000042564e+01
-3.415496000000000010e-09 3.524299999999993815e+01
-3.218901999999999934e-09 3.664399999999977808e+01
-3.251366999999999987e-09 3.805000000000063665e+01
-3.540188000000000142e-09 3.945100000000047658e+01
-3.154577999999999857e-09 4.085300000000052023e+01
-3.280992999999999984e-09 4.225099999999974898e+01
-3.144509999999999929e-09 4.364300000000048385e+01
-3.356108999999999996e-09 4.504199999999991633e+01
-3.132224000000000205e-09 4.642599999999993088e+01
-3.154178000000000148e-09 4.781500000000005457e+01
-3.146865999999999874e-09 4.920699999999987995e+01
-3.245115000000000121e-09 5.059800000000041109e+01
-2.916936000000000028e-09 5.200400000000036016e+01
-3.259593000000000037e-09 5.340700000000060754e+01
-3.509137000000000018e-09 5.479500000000052751e+01
-3.379148999999999949e-09 5.618600000000014916e+01
-3.203089000000000043e-09 5.756600000000025830e+01
-3.343508999999999853e-09 5.896800000000030195e+01
-3.096881999999999977e-09 6.036700000000064392e+01
-2.990793999999999795e-09 6.175800000000026557e+01
-3.226300999999999817e-09 6.315600000000040382e+01
-3.768784000000000331e-09 6.454800000000022919e+01
-3.096084999999999861e-09 6.594600000000036744e+01
-3.334971999999999927e-09 6.733900000000039654e+01
-3.310754000000000001e-09 6.873600000000033106e+01
-3.271601000000000064e-09 7.012500000000045475e+01
-3.236056000000000059e-09 7.151600000000007640e+01
-3.114993999999999842e-09 7.291400000000021464e+01
-3.220763999999999984e-09 7.430099999999993088e+01
-3.090500999999999935e-09 7.569100000000025830e+01
-3.003787999999999802e-09 7.708000000000038199e+01
-3.866471999999999591e-09 7.847899999999981446e+01
-3.311844999999999951e-09 7.986600000000044020e+01
-3.136828999999999901e-09 8.125599999999985812e+01
-3.557008999999999995e-09 8.264200000000028012e+01
-3.323045999999999983e-09 8.402799999999979264e+01
-3.356436999999999915e-09 8.541800000000012005e+01
-3.049201999999999993e-09 8.680400000000054206e+01
-3.165473999999999858e-09 8.819000000000005457e+01
-2.935641999999999818e-09 8.957799999999997453e+01
-3.194290000000000144e-09 9.097700000000031650e+01
-3.394306000000000004e-09 9.237800000000015643e+01
-3.558818000000000107e-09 9.377100000000018554e+01
-3.367573999999999811e-09 9.516699999999991633e+01
-3.481216000000000069e-09 9.656600000000025830e+01
-3.506082000000000177e-09 9.794900000000006912e+01
-2.993807999999999801e-09 9.933599999999978536e+01
-3.632682000000000133e-09 1.007220000000002074e+02
-3.189228999999999844e-09 1.021150000000002365e+02
-3.052071000000000099e-09 1.035009999999997490e+02
-3.300365999999999809e-09 1.048890000000005784e+02
-3.308655999999999994e-09 1.062739999999998872e+02
-3.003289999999999873e-09 1.076680000000001201e+02
-3.494433000000000024e-09 1.090660000000002583e+02
-3.408431999999999796e-09 1.104560000000005857e+02
-3.426924999999999930e-09 1.118580000000006294e+02
-3.433592000000000151e-09 1.132400000000002365e+02
-2.871654000000000142e-09 1.146280000000001564e+02
-2.984141999999999806e-09 1.160140000000005784e+02
-3.092863000000000138e-09 1.174100000000003092e+02
-3.031663999999999882e-09 1.188080000000004475e+02
-3.315003999999999857e-09 1.201929999999997563e+02
-3.064102999999999919e-09 1.215819999999998799e+02
-3.193804999999999809e-09 1.229680000000003020e+02
-3.195177999999999903e-09 1.243580000000006294e+02
-3.021128000000000075e-09 1.257420000000006439e+02
-3.274668000000000008e-09 1.271349999999997635e+02
-3.356164000000000158e-09 1.285340000000001055e+02
-3.452161000000000111e-09 1.299209999999998217e+02
-3.629666999999999808e-09 1.313139999999998508e+02
-3.262974999999999891e-09 1.327109999999997854e+02
-3.687293000000000121e-09 1.340920000000000982e+02
-3.189850000000000105e-09 1.354960000000005493e+02
-3.197341999999999855e-09 1.368920000000002801e+02
-3.918234000000000058e-09 1.382730000000005930e+02
-3.182353999999999907e-09 1.396650000000004184e+02
-3.561942999999999928e-09 1.410570000000002437e+02
-3.048713999999999942e-09 1.424519999999997708e+02
-3.102966999999999962e-09 1.438460000000000036e+02
-3.302585999999999828e-09 1.452460000000005493e+02
-3.275052999999999899e-09 1.466399999999998727e+02
-3.653634999999999864e-09 1.480369999999998072e+02
-3.241834000000000202e-09 1.494180000000001201e+02
-3.125002000000000083e-09 1.508150000000000546e+02
-3.067824999999999795e-09 1.522180000000003020e+02
-3.253989999999999844e-09 1.536200000000003456e+02
-3.362363000000000086e-09 1.550070000000000618e+02
-3.078375999999999834e-09 1.564010000000002947e+02
-3.302606999999999905e-09 1.577970000000000255e+02
-3.090625000000000171e-09 1.591810000000000400e+02
-3.262353000000000139e-09 1.605740000000000691e+02
-3.439742000000000176e-09 1.619670000000000982e+02
-3.305342999999999801e-09 1.633530000000005202e+02
-2.836809999999999844e-09 1.647530000000001564e+02
-3.363633000000000021e-09 1.661500000000000909e+02
-3.349954999999999936e-09 1.675360000000005130e+02
-3.006611000000000134e-09 1.689220000000000255e+02
-3.188212999999999814e-09 1.703070000000002437e+02
-3.460122999999999964e-09 1.717010000000004766e+02
-2.959818000000000004e-09 1.730920000000000982e+02
-3.147143999999999984e-09 1.744969999999998436e+02
-3.500730000000000173e-09 1.759020000000004984e+02
-3.216501000000000120e-09 1.772910000000006221e+02
-3.285974999999999915e-09 1.786820000000002437e+02
-3.169790999999999978e-09 1.800710000000003674e+02
-3.249364000000000071e-09 1.814670000000000982e+02
-3.195351999999999948e-09 1.828620000000005348e+02
-3.415098000000000111e-09 1.842550000000005639e+02
-3.388238999999999967e-09 1.856460000000001855e+02
-3.234835000000000028e-09 1.870380000000000109e+02
-3.674218999999999841e-09 1.884320000000002437e+02
-3.651861000000000155e-09 1.898240000000000691e+02
-2.874895000000000131e-09 1.912150000000006003e+02
-3.186846999999999883e-09 1.926110000000003311e+02
-3.037970000000000005e-09 1.940080000000002656e+02
-2.978212999999999919e-09 1.953960000000001855e+02
-3.376800000000000168e-09 1.967890000000002146e+02
-3.046593000000000049e-09 1.981910000000002583e+02
-3.487813999999999801e-09 1.995909999999998945e+02
-3.038080999999999820e-09 2.009770000000003165e+02
-3.066431000000000037e-09 2.023670000000006439e+02
-3.432685000000000125e-09 2.037699999999999818e+02
-3.589144999999999810e-09 2.051750000000006366e+02
-3.120335000000000061e-09 2.065779999999999745e+02
-3.454293000000000202e-09 2.079800000000000182e+02
-3.410139000000000067e-09 2.093719999999998436e+02
-3.271078999999999929e-09 2.107620000000001710e+02
-3.166215999999999812e-09 2.121520000000004984e+02
-3.026271000000000044e-09 2.135430000000001201e+02
-3.110626999999999912e-09 2.149209999999998217e+02
-2.986390999999999970e-09 2.163170000000004620e+02
-3.253225999999999908e-09 2.177000000000002728e+02
-3.558935000000000180e-09 2.190810000000005857e+02
-3.255947999999999891e-09 2.204830000000006294e+02
-2.973818000000000163e-09 2.218780000000001564e+02
-3.298763000000000016e-09 2.232609999999999673e+02
-3.030184999999999913e-09 2.246560000000004038e+02
-3.320616000000000023e-09 2.260450000000005275e+02
-2.847408999999999881e-09 2.274330000000004475e+02
-3.557357000000000085e-09 2.288150000000000546e+02
-3.131541999999999938e-09 2.302060000000005857e+02
-3.485764000000000206e-09 2.315930000000003020e+02
-3.067286000000000031e-09 2.329780000000005202e+02
-2.980947999999999910e-09 2.343719999999998436e+02
-3.302234000000000117e-09 2.357789999999999964e+02
-3.245473999999999995e-09 2.371720000000000255e+02
-2.966752000000000138e-09 2.385630000000005566e+02
-3.193781000000000016e-09 2.399490000000000691e+02
-3.261442000000000079e-09 2.413409999999998945e+02
-3.434169999999999940e-09 2.427289999999998145e+02
-3.340650999999999944e-09 2.441320000000000618e+02
-3.136390000000000168e-09 2.455199999999999818e+02
-3.073319999999999888e-09 2.469200000000005275e+02
-3.171814000000000065e-09 2.483110000000001492e+02
-3.279179999999999837e-09 2.497119999999999891e+02
-3.226684999999999803e-09 2.511010000000001128e+02
-3.555874000000000081e-09 2.524980000000000473e+02
-3.060373999999999879e-09 2.538840000000004693e+02
-3.131018999999999897e-09 2.552770000000004984e+02
-3.101047000000000034e-09 2.566660000000006221e+02
-3.287121999999999932e-09 2.580639999999998508e+02
-2.980664999999999860e-09 2.594560000000005857e+02
-2.883931999999999797e-09 2.608510000000001128e+02
-3.267662000000000084e-09 2.622530000000001564e+02
-3.005984999999999934e-09 2.636390000000005784e+02
-3.160984000000000011e-09 2.650350000000003092e+02
-3.480738999999999802e-09 2.664259999999999309e+02
-3.020159000000000138e-09 2.678300000000003820e+02
-2.960065000000000159e-09 2.692270000000003165e+02
-3.328912000000000054e-09 2.706179999999999382e+02
-3.274816999999999942e-09 2.720009999999997490e+02
-3.450863999999999841e-09 2.733949999999999818e+02
-3.479030000000000134e-09 2.748000000000006366e+02
-3.285118000000000112e-09 2.761990000000000691e+02
-3.152779999999999943e-09 2.775970000000002074e+02
-3.146409000000000193e-09 2.789860000000003311e+02
-3.211393000000000141e-09 2.803750000000004547e+02
-3.524880999999999835e-09 2.817609999999999673e+02
-3.371192999999999941e-09 2.831470000000003893e+02
-3.136621000000000185e-09 2.845300000000002001e+02
-2.942111000000000202e-09 2.859259999999999309e+02
-3.431996000000000108e-09 2.873139999999998508e+02
-3.130356999999999802e-09 2.887119999999999891e+02
-3.026136000000000023e-09 2.901050000000000182e+02
-3.200969999999999959e-09 2.915030000000001564e+02
-3.130878999999999937e-09 2.928890000000005784e+02
-3.090618999999999913e-09 2.942789999999999964e+02
-3.277551999999999933e-09 2.956669999999999163e+02
-3.342248999999999798e-09 2.970620000000003529e+02
-3.332777000000000019e-09 2.984640000000003965e+02
-3.010961999999999926e-09 2.998650000000002365e+02
-3.376189000000000200e-09 3.012670000000002801e+02
-3.328825999999999936e-09 3.026680000000001201e+02
-3.150554000000000079e-09 3.040509999999999309e+02
-3.194135999999999856e-09 3.054380000000005566e+02
-3.324267999999999919e-09 3.068300000000003820e+02
-3.099568000000000065e-09 3.082119999999999891e+02
-3.454187999999999818e-09 3.096030000000005202e+02
-2.908765000000000139e-09 3.109890000000000327e+02
-3.324049000000000005e-09 3.123840000000004693e+02
-3.391460000000000198e-09 3.137760000000002947e+02
-3.125578999999999966e-09 3.151690000000003238e+02
-3.155073000000000071e-09 3.165599999999999454e+02
-3.127768000000000029e-09 3.179590000000002874e+02
-3.396137000000000098e-09 3.193409999999998945e+02
-3.247105000000000028e-09 3.207310000000002219e+02
-3.118420999999999979e-09 3.221240000000002510e+02
-2.765315000000000185e-09 3.235090000000004693e+02
-3.208213000000000158e-09 3.248949999999999818e+02
-3.223066000000000086e-09 3.262860000000005130e+02
-3.104287000000000118e-09 3.276880000000005566e+02
-3.152128000000000140e-09 3.290859999999997854e+02
-3.450281000000000113e-09 3.304780000000005202e+02
-3.228496000000000139e-09 3.318840000000004693e+02
-3.046920000000000062e-09 3.332750000000000909e+02
-3.316905999999999837e-09 3.346680000000001201e+02
-3.073192000000000031e-09 3.360599999999999454e+02
-3.250887000000000005e-09 3.374529999999999745e+02
-3.074143999999999926e-09 3.388430000000003020e+02
-3.320398999999999920e-09 3.402280000000005202e+02
-3.343824000000000177e-09 3.416259999999997490e+02
-3.669157000000000051e-09 3.430180000000004839e+02
-3.120117000000000052e-09 3.444039999999999964e+02
-3.261185000000000045e-09 3.457950000000005275e+02
-3.181126000000000126e-09 3.471880000000005566e+02
-3.412067000000000063e-09 3.485750000000002728e+02
-3.233574999999999972e-09 3.499529999999999745e+02
-3.187644999999999904e-09 3.513560000000002219e+02
-2.908461000000000013e-09 3.527440000000001419e+02
-3.271990999999999894e-09 3.541410000000000764e+02
-3.151619999999999918e-09 3.555360000000005130e+02
-3.158669999999999805e-09 3.569270000000001346e+02
-3.057166999999999975e-09 3.583139999999998508e+02
-3.360226999999999960e-09 3.597100000000004911e+02
-3.017217999999999827e-09 3.611120000000005348e+02
-3.348222999999999968e-09 3.625170000000002801e+02
-3.519086000000000063e-09 3.639090000000001055e+02
-3.107917999999999938e-09 3.652950000000005275e+02
-3.212091000000000132e-09 3.666849999999999454e+02
-3.015837000000000077e-09 3.680740000000000691e+02
-3.040359000000000130e-09 3.694630000000001928e+02
-3.298771999999999990e-09 3.708440000000005057e+02
-3.218464000000000106e-09 3.722330000000006294e+02
-3.571677000000000094e-09 3.736259999999997490e+02
-3.179165999999999855e-09 3.750140000000005784e+02
-3.146402000000000029e-09 3.764140000000002146e+02
-3.142411000000000017e-09 3.778049999999998363e+02
-3.457658000000000014e-09 3.792150000000006003e+02
-3.205134000000000111e-09 3.806150000000002365e+02
-3.530915000000000106e-09 3.820009999999997490e+02
-3.142892999999999809e-09 3.833989999999998872e+02
-3.000697999999999971e-09 3.847980000000002292e+02
-3.484751999999999797e-09 3.861910000000002583e+02
-4.230254000000000393e-09 3.875779999999999745e+02
-3.049277999999999818e-09 3.889680000000003020e+02
-3.360806000000000068e-09 3.903719999999998436e+02
-3.187503000000000134e-09 3.917730000000005930e+02
-3.326723999999999895e-09 3.931759999999999309e+02
-3.225112999999999966e-09 3.945639999999998508e+02
-2.874639999999999908e-09 3.959420000000004620e+02
-3.763908000000000275e-09 3.973380000000001928e+02
-3.345404999999999988e-09 3.987230000000004111e+02
-3.266651999999999898e-09 4.001129999999998290e+02
-2.973902999999999961e-09 4.015040000000003602e+02
-3.169681999999999974e-09 4.029010000000002947e+02
-3.189663999999999957e-09 4.042820000000006075e+02
-3.292272999999999969e-09 4.056810000000000400e+02
-3.713579999999999909e-09 4.070810000000005857e+02
-3.277298999999999934e-09 4.084749999999999091e+02
-3.006487999999999803e-09 4.098660000000004402e+02
-3.300469999999999874e-09 4.112580000000002656e+02
-3.281128999999999910e-09 4.126480000000005930e+02
-3.416751000000000126e-09 4.140530000000003383e+02
-3.342123000000000164e-09 4.154529999999999745e+02
-3.426122999999999874e-09 4.168290000000001783e+02
