-2.011439999999999829e-09 0.000000000000000000e+00
-1.908685000000000011e-09 2.000000000000000000e+00
-2.057732999999999805e-09 3.000000000000000000e+00
-1.856150000000000047e-09 5.000000000000000000e+00
-1.924310999999999850e-09 6.000000000000000000e+00
-2.134500999999999927e-09 7.000000000000000000e+00
-1.880595999999999862e-09 9.000000000000000000e+00
-2.116403999999999881e-09 1.000000000000000000e+01
-2.043032999999999846e-09 1.100000000000000000e+01
-2.096329000000000030e-09 1.300000000000000000e+01
-2.012860999999999921e-09 1.400000000000000000e+01
-1.935449000000000065e-09 1.500000000000000000e+01
-1.969876000000000198e-09 1.700000000000000000e+01
-1.863865000000000160e-09 1.800000000000000000e+01
-1.973829999999999997e-09 1.900000000000000000e+01
-1.822782999999999908e-09 2.100000000000000000e+01
-1.962945000000000194e-09 2.200000000000000000e+01
-2.020279000000000071e-09 2.400000000000000000e+01
-1.945626999999999903e-09 2.500000000000000000e+01
-1.911696999999999794e-09 2.700000000000000000e+01
