-9.137404000000000141e-10 0.000000000000000000e+00
-8.290014999999999936e-10 1.000000000000000000e+00
-8.360354000000000224e-10 3.000000000000000000e+00
-7.094378000000000045e-10 4.000000000000000000e+00
-8.048665999999999842e-10 6.000000000000000000e+00
-8.325498000000000236e-10 7.000000000000000000e+00
-8.825160999999999651e-10 8.000000000000000000e+00
-8.445419999999999773e-10 1.000000000000000000e+01
-8.045297000000000202e-10 1.100000000000000000e+01
-8.168260000000000287e-10 1.300000000000000000e+01
-8.119262000000000370e-10 1.400000000000000000e+01
-8.564800999999999528e-10 1.500000000000000000e+01
-8.819934999999999487e-10 1.700000000000000000e+01
-8.148711999999999684e-10 1.800000000000000000e+01
-9.146405000000000119e-10 2.000000000000000000e+01
-7.871618999999999843e-10 2.100000000000000000e+01
-9.229124000000000110e-10 2.200000000000000000e+01
-8.721182999999999578e-10 2.400000000000000000e+01
-8.799834000000000448e-10 2.500000000000000000e+01
-8.055197999999999629e-10 2.600000000000000000e+01
-7.978963999999999952e-10 2.800000000000000000e+01
-8.650866000000000099e-10 2.900000000000000000e+01
-8.732817999999999611e-10 3.000000000000000000e+01
-7.850768999999999858e-10 3.200000000000000000e+01
-8.434021999999999809e-10 3.300000000000000000e+01
-8.723747000000000067e-10 3.500000000000000000e+01
-8.001715000000000011e-10 3.600000000000000000e+01
-8.642654000000000376e-10 3.800000000000000000e+01
-7.662967000000000138e-10 3.900000000000000000e+01
-8.376316000000000256e-10 4.000000000000000000e+01
-7.990467999999999584e-10 4.200000000000000000e+01
-9.467228000000000800e-10 4.300000000000000000e+01
-8.094805999999999643e-10 4.400000000000000000e+01
-7.330878999999999496e-10 4.600000000000000000e+01
-8.660815000000000351e-10 4.700000000000000000e+01
-8.189029000000000301e-10 4.800000000000000000e+01
-7.962445999999999492e-10 5.000000000000000000e+01
-9.416781000000000137e-10 5.100000000000000000e+01
-8.473697000000000501e-10 5.300000000000000000e+01
-8.039193999999999650e-10 5.400000000000000000e+01
-7.760371999999999762e-10 5.500000000000000000e+01
-8.128630000000000498e-10 5.700000000000000000e+01
-8.429262000000000334e-10 5.800000000000000000e+01
-7.708382999999999726e-10 6.000000000000000000e+01
-8.335833000000000490e-10 6.100000000000000000e+01
-9.010356999999999970e-10 6.200000000000000000e+01
-7.865241999999999835e-10 6.400000000000000000e+01
-8.099502999999999715e-10 6.500000000000000000e+01
-8.263678000000000340e-10 6.600000000000000000e+01
-7.809690000000000356e-10 6.800000000000000000e+01
