-2.134290999999999904e-08 0.000000000000000000e+00
-2.153235999999999946e-08 1.000000000000000000e+00
-2.049310999999999894e-08 3.000000000000000000e+00
-2.073038999999999959e-08 4.000000000000000000e+00
-2.045190000000000131e-08 5.000000000000000000e+00
-2.026016999999999870e-08 7.000000000000000000e+00
-2.066236999999999882e-08 8.000000000000000000e+00
-1.982297999999999848e-08 1.000000000000000000e+01
-2.123593999999999977e-08 1.100000000000000000e+01
-2.093661999999999878e-08 1.200000000000000000e+01
-2.056194999999999970e-08 1.400000000000000000e+01
-2.086823999999999907e-08 1.500000000000000000e+01
-2.080109000000000101e-08 1.700000000000000000e+01
-2.111921999999999937e-08 1.800000000000000000e+01
-2.075498999999999969e-08 1.900000000000000000e+01
-2.061268000000000124e-08 2.100000000000000000e+01
-2.057507999999999964e-08 2.200000000000000000e+01
-2.054801999999999952e-08 2.300000000000000000e+01
-2.057997999999999990e-08 2.500000000000000000e+01
-2.024152999999999927e-08 2.600000000000000000e+01
-2.022730999999999930e-08 2.700000000000000000e+01
-2.119166999999999947e-08 2.900000000000000000e+01
-2.001644000000000000e-08 3.000000000000000000e+01
-2.107046000000000046e-08 3.200000000000000000e+01
-2.014452999999999847e-08 3.300000000000000000e+01
-2.034914000000000072e-08 3.500000000000000000e+01
-2.068169999999999983e-08 3.600000000000000000e+01
-1.958315999999999878e-08 3.700000000000000000e+01
-2.067907999999999845e-08 3.900000000000000000e+01
-2.072237000000000069e-08 4.000000000000000000e+01
-2.052919999999999896e-08 4.100000000000000000e+01
-2.021185000000000109e-08 4.300000000000000000e+01
-2.090884000000000077e-08 4.400000000000000000e+01
-2.081147000000000113e-08 4.500000000000000000e+01
-2.053870999999999969e-08 4.700000000000000000e+01
-2.104161999999999873e-08 4.800000000000000000e+01
-2.062951999999999930e-08 5.000000000000000000e+01
-2.018402000000000037e-08 5.100000000000000000e+01
-2.011697000000000110e-08 5.200000000000000000e+01
-2.066333000000000044e-08 5.400000000000000000e+01
-2.074031999999999854e-08 5.500000000000000000e+01
-2.059391000000000008e-08 5.700000000000000000e+01
-2.151738999999999863e-08 5.800000000000000000e+01
-2.075213000000000121e-08 5.900000000000000000e+01
-2.017885000000000006e-08 6.100000000000000000e+01
-2.029616999999999982e-08 6.200000000000000000e+01
-2.016549999999999949e-08 6.300000000000000000e+01
-2.075118999999999935e-08 6.500000000000000000e+01
-2.062900999999999885e-08 6.600000000000000000e+01
-2.122411000000000065e-08 6.800000000000000000e+01
