-5.418418999999999671e-09 0.000000000000000000e+00
-5.342585000000000323e-09 2.000000000000000000e+00
-5.330454000000000378e-09 3.000000000000000000e+00
-5.052121000000000032e-09 5.000000000000000000e+00
-5.589451000000000285e-09 6.000000000000000000e+00
-5.174248000000000184e-09 7.000000000000000000e+00
-4.816100000000000357e-09 9.000000000000000000e+00
-5.065223000000000139e-09 1.000000000000000000e+01
-5.492092000000000022e-09 1.100000000000000000e+01
-4.886064999999999919e-09 1.300000000000000000e+01
-5.062109999999999593e-09 1.400000000000000000e+01
-5.518309000000000243e-09 1.500000000000000000e+01
-5.583618000000000394e-09 1.700000000000000000e+01
-5.102211999999999710e-09 1.800000000000000000e+01
-4.995171000000000141e-09 2.000000000000000000e+01
-5.220495999999999878e-09 2.100000000000000000e+01
-5.092124000000000023e-09 2.300000000000000000e+01
-5.574299000000000170e-09 2.400000000000000000e+01
-5.024525000000000286e-09 2.500000000000000000e+01
-5.231115000000000087e-09 2.600000000000000000e+01
-5.561872000000000168e-09 2.800000000000000000e+01
-5.665821999999999586e-09 2.900000000000000000e+01
-4.950051999999999689e-09 3.100000000000000000e+01
-4.837645999999999695e-09 3.200000000000000000e+01
-5.201918000000000358e-09 3.300000000000000000e+01
-5.309074000000000189e-09 3.500000000000000000e+01
-5.249026999999999890e-09 3.600000000000000000e+01
-5.697251999999999756e-09 3.800000000000000000e+01
-5.234857999999999626e-09 3.900000000000000000e+01
-5.231063000000000054e-09 4.100000000000000000e+01
