-3.198150000000000170e-09 3.899999999994179234e-01
-3.036884999999999900e-09 1.779999999999745341e+00
-3.173053000000000044e-09 3.171999999999570719e+00
-3.525447999999999839e-09 4.557999999999992724e+00
-3.130638000000000041e-09 5.944999999999708962e+00
-3.215625000000000050e-09 7.337999999999738066e+00
-2.962292999999999833e-09 8.713999999999941792e+00
-3.120864999999999852e-09 1.011099999999987631e+01
-3.582687999999999943e-09 1.149399999999968713e+01
-3.209789999999999935e-09 1.289300000000002910e+01
-3.439463000000000161e-09 1.428399999999965075e+01
-3.336733999999999947e-09 1.567199999999957072e+01
-3.366270000000000205e-09 1.706099999999969441e+01
-3.003371999999999956e-09 1.845399999999972351e+01
-3.523833999999999848e-09 1.985099999999965803e+01
-3.501245000000000145e-09 2.124299999999948341e+01
-3.725138999999999910e-09 2.263999999999941792e+01
-3.142074000000000125e-09 2.402899999999954161e+01
-3.411461999999999939e-09 2.541100000000005821e+01
-3.036718000000000018e-09 2.679999999999927240e+01
-3.094478999999999939e-09 2.818799999999919237e+01
-3.225558999999999863e-09 2.957799999999951979e+01
-3.296786000000000117e-09 3.096499999999923602e+01
-3.240418999999999954e-09 3.235299999999915599e+01
-3.085998999999999985e-09 3.374499999999989086e+01
-3.351167999999999899e-09 3.514499999999952706e+01
-3.086718999999999957e-09 3.652700000000004366e+01
-3.107464999999999877e-09 3.791299999999955617e+01
-3.214869000000000182e-09 3.930999999999949068e+01
-3.355005999999999943e-09 4.071099999999933061e+01
-3.562679000000000038e-09 4.210299999999915599e+01
-3.488308000000000110e-09 4.349499999999989086e+01
-3.037625000000000044e-09 4.488299999999981083e+01
-3.309973999999999927e-09 4.627499999999963620e+01
-2.940122000000000200e-09 4.766599999999925785e+01
-3.232536999999999960e-09 4.906599999999980355e+01
-3.547295000000000001e-09 5.045899999999983265e+01
-2.929690000000000044e-09 5.185999999999967258e+01
-3.083733000000000191e-09 5.325699999999960710e+01
-3.369038999999999868e-09 5.464199999999982538e+01
-3.006774999999999887e-09 5.603600000000005821e+01
-3.328929000000000096e-09 5.743899999999939610e+01
-2.979533999999999981e-09 5.883199999999942520e+01
-3.135009999999999910e-09 6.021999999999934516e+01
-3.230246999999999961e-09 6.161099999999987631e+01
-2.971752999999999922e-09 6.299699999999938882e+01
-3.354554000000000201e-09 6.438899999999921420e+01
-3.254658000000000198e-09 6.578899999999975989e+01
-3.182178000000000051e-09 6.717499999999927240e+01
-3.463149000000000073e-09 6.856700000000000728e+01
-2.891723000000000148e-09 6.996199999999953434e+01
-2.937267999999999912e-09 7.135199999999986176e+01
-3.101125999999999988e-09 7.273899999999957799e+01
-3.339717999999999902e-09 7.413400000000001455e+01
-3.183500000000000018e-09 7.553499999999985448e+01
-3.295640999999999911e-09 7.692999999999938154e+01
-3.273909999999999916e-09 7.831999999999970896e+01
-3.020317999999999951e-09 7.970199999999931606e+01
-3.279587000000000123e-09 8.109899999999925058e+01
-3.253224000000000097e-09 8.249699999999938882e+01
-3.172707000000000178e-09 8.388699999999971624e+01
-3.974736999999999734e-09 8.527499999999963620e+01
-3.090927000000000074e-09 8.666499999999996362e+01
-3.577619999999999894e-09 8.805699999999978900e+01
-3.002110000000000090e-09 8.945199999999931606e+01
-3.234077999999999841e-09 9.083699999999953434e+01
-3.178062999999999802e-09 9.222499999999945430e+01
-3.486753999999999807e-09 9.361399999999957799e+01
-3.126433999999999959e-09 9.499399999999968713e+01
-3.192154999999999923e-09 9.638099999999940337e+01
-3.516638000000000156e-09 9.777899999999954161e+01
-3.123013000000000080e-09 9.919200000000000728e+01
-3.245125999999999905e-09 1.005809999999992215e+02
-2.919003999999999984e-09 1.019759999999996580e+02
-3.404177000000000000e-09 1.033679999999994834e+02
-3.151300000000000068e-09 1.047549999999991996e+02
-3.096376999999999884e-09 1.061499999999996362e+02
-3.088127999999999947e-09 1.075399999999999636e+02
-2.995274000000000176e-09 1.089359999999996944e+02
-3.822992999999999973e-09 1.103269999999993161e+02
-3.509952999999999987e-09 1.117269999999998618e+02
-3.092222000000000119e-09 1.131079999999992651e+02
-3.010380000000000103e-09 1.144959999999991851e+02
-2.901094999999999896e-09 1.158829999999998108e+02
-3.113545999999999828e-09 1.172739999999994325e+02
-3.066524999999999810e-09 1.186559999999999491e+02
-2.996732000000000070e-09 1.200509999999994761e+02
-3.189472999999999870e-09 1.214389999999993961e+02
-3.184253000000000171e-09 1.228279999999995198e+02
-3.095071999999999959e-09 1.242229999999999563e+02
-3.378437999999999951e-09 1.256179999999994834e+02
-3.090074999999999796e-09 1.270199999999995271e+02
-3.564145999999999905e-09 1.284020000000000437e+02
-3.744158999999999705e-09 1.297939999999998690e+02
-3.301795999999999875e-09 1.311809999999995853e+02
-3.094629000000000192e-09 1.325709999999999127e+02
-2.947299999999999945e-09 1.339669999999996435e+02
-3.191924999999999811e-09 1.353549999999995634e+02
-3.197214999999999903e-09 1.367419999999992797e+02
-3.037861000000000001e-09 1.381329999999998108e+02
-3.030078000000000132e-09 1.395180000000000291e+02
-3.115508999999999814e-09 1.409049999999997453e+02
-2.923017999999999883e-09 1.422849999999998545e+02
-3.197122000000000036e-09 1.436869999999998981e+02
-3.609984999999999916e-09 1.450909999999994398e+02
-3.284307999999999987e-09 1.464839999999994689e+02
-3.271475999999999922e-09 1.478779999999997017e+02
-3.182060000000000073e-09 1.492689999999993233e+02
-3.358349000000000187e-09 1.506669999999994616e+02
-3.520948000000000113e-09 1.520579999999999927e+02
-3.373848000000000073e-09 1.534589999999998327e+02
-3.512041000000000115e-09 1.548429999999998472e+02
-3.515192999999999857e-09 1.562289999999993597e+02
-2.916682000000000124e-09 1.576099999999996726e+02
-3.494567000000000140e-09 1.590000000000000000e+02
-2.982810999999999865e-09 1.603959999999997308e+02
-3.093009999999999848e-09 1.618009999999994761e+02
-2.840899000000000076e-09 1.632019999999993161e+02
-3.132199999999999999e-09 1.646029999999991560e+02
-3.029448999999999803e-09 1.659889999999995780e+02
-3.042971000000000203e-09 1.673769999999994980e+02
-3.596767999999999961e-09 1.687699999999995271e+02
-3.270759000000000079e-09 1.701769999999996799e+02
-3.331873000000000122e-09 1.715709999999999127e+02
-3.068838000000000110e-09 1.729579999999996289e+02
-3.265777000000000147e-09 1.743529999999991560e+02
-3.133226999999999814e-09 1.757489999999997963e+02
-3.221667999999999881e-09 1.771369999999997162e+02
-3.067156999999999855e-09 1.785199999999995271e+02
-3.128980000000000087e-09 1.799089999999996508e+02
-3.161946000000000198e-09 1.813019999999996799e+02
-3.064801999999999815e-09 1.827039999999997235e+02
-3.381079000000000169e-09 1.841009999999996580e+02
-3.474402000000000137e-09 1.854899999999997817e+02
-3.069436000000000070e-09 1.868689999999996871e+02
-3.228841000000000100e-09 1.882689999999993233e+02
-3.041334999999999817e-09 1.896709999999993670e+02
-3.126476000000000113e-09 1.910589999999992870e+02
-3.139084999999999816e-09 1.924539999999997235e+02
-3.445532999999999914e-09 1.938469999999997526e+02
-3.008536999999999906e-09 1.952349999999996726e+02
-3.132175999999999793e-09 1.966259999999992942e+02
-3.062605000000000096e-09 1.980209999999997308e+02
-3.033787999999999905e-09 1.994129999999995562e+02
-3.088736000000000200e-09 2.007969999999995707e+02
-3.015042000000000185e-09 2.021889999999993961e+02
-3.097934999999999808e-09 2.035699999999997090e+02
-3.181506000000000077e-09 2.049659999999994398e+02
-3.010455999999999928e-09 2.063649999999997817e+02
-3.189977999999999962e-09 2.077519999999994980e+02
-3.290042000000000166e-09 2.091449999999995271e+02
-3.319845999999999829e-09 2.105439999999998690e+02
-3.307185999999999999e-09 2.119219999999995707e+02
-3.218103999999999913e-09 2.133129999999991924e+02
-3.089905000000000198e-09 2.147069999999994252e+02
-3.178430000000000159e-09 2.161059999999997672e+02
-3.295914999999999986e-09 2.174909999999999854e+02
-3.167618000000000052e-09 2.188840000000000146e+02
-3.173336999999999999e-09 2.202639999999992142e+02
-3.123829000000000049e-09 2.216579999999994470e+02
-3.053781999999999991e-09 2.230459999999993670e+02
-3.258087000000000146e-09 2.244309999999995853e+02
-3.223731999999999803e-09 2.258229999999994106e+02
-3.109714000000000042e-09 2.272249999999994543e+02
-2.977844000000000165e-09 2.286049999999995634e+02
-3.177842999999999983e-09 2.299929999999994834e+02
-3.360357999999999947e-09 2.313849999999993088e+02
-3.429013999999999963e-09 2.327709999999997308e+02
-3.037594000000000088e-09 2.341639999999997599e+02
-3.129527999999999825e-09 2.355649999999995998e+02
-3.201645999999999968e-09 2.369519999999993161e+02
-3.484523999999999909e-09 2.383529999999991560e+02
-3.460283000000000096e-09 2.397449999999998909e+02
-3.755331000000000006e-09 2.411419999999998254e+02
-3.374506000000000134e-09 2.425229999999992287e+02
-3.339676000000000162e-09 2.439199999999991633e+02
-3.122861999999999922e-09 2.453149999999995998e+02
-3.026892999999999796e-09 2.467069999999994252e+02
-3.115737000000000115e-09 2.480989999999992506e+02
-3.380372000000000205e-09 2.494839999999994689e+02
-3.307124000000000087e-09 2.508769999999994980e+02
-3.557673999999999806e-09 2.522779999999993379e+02
-3.239843999999999881e-09 2.536879999999991924e+02
-3.337714999999999987e-09 2.550859999999993306e+02
-3.109837999999999865e-09 2.564839999999994689e+02
-3.129594000000000184e-09 2.578750000000000000e+02
-3.448082000000000170e-09 2.592500000000000000e+02
-3.138777000000000069e-09 2.606449999999995271e+02
-3.163966000000000156e-09 2.620409999999992579e+02
-3.041045999999999923e-09 2.634449999999997090e+02
-3.060839000000000043e-09 2.648449999999993452e+02
-3.059556000000000100e-09 2.662269999999998618e+02
-3.459687999999999851e-09 2.676149999999997817e+02
-3.386175999999999950e-09 2.690079999999998108e+02
-3.572610000000000136e-09 2.704039999999995416e+02
-3.146576000000000074e-09 2.717989999999999782e+02
-3.175349999999999793e-09 2.731989999999996144e+02
-3.397436000000000178e-09 2.745819999999994252e+02
-3.193302999999999845e-09 2.759719999999997526e+02
-3.948463000000000368e-09 2.773679999999994834e+02
-3.051321000000000076e-09 2.787590000000000146e+02
-3.161209000000000183e-09 2.801529999999993379e+02
-3.036023000000000156e-09 2.815509999999994761e+02
-3.061044999999999949e-09 2.829449999999997090e+02
-3.360181000000000186e-09 2.843440000000000509e+02
-3.086505999999999888e-09 2.857369999999991705e+02
-3.118559000000000129e-09 2.871359999999995125e+02
-3.615705000000000182e-09 2.885239999999994325e+02
-3.172624000000000190e-09 2.899149999999999636e+02
-2.987900999999999896e-09 2.913179999999993015e+02
-3.234220000000000025e-09 2.927209999999995489e+02
-3.337475999999999901e-09 2.941169999999992797e+02
-3.196690999999999958e-09 2.954979999999995925e+02
-3.697077000000000095e-09 2.969029999999993379e+02
-3.061161000000000117e-09 2.983009999999994761e+02
-3.151248999999999940e-09 2.997039999999997235e+02
-3.171693999999999863e-09 3.011079999999992651e+02
-3.378511999999999965e-09 3.025079999999998108e+02
-3.071773000000000162e-09 3.039009999999998399e+02
-3.606342999999999899e-09 3.052889999999997599e+02
-3.426994999999999910e-09 3.066799999999993815e+02
-3.204813999999999848e-09 3.080629999999991924e+02
-3.220990999999999967e-09 3.094639999999999418e+02
-3.061424999999999900e-09 3.108669999999992797e+02
-3.368286000000000129e-09 3.122659999999996217e+02
-3.553410999999999942e-09 3.136489999999994325e+02
-3.286915000000000121e-09 3.150379999999995562e+02
-3.150502999999999951e-09 3.164309999999995853e+02
-3.113688999999999917e-09 3.178289999999997235e+02
-3.468628000000000029e-09 3.192179999999998472e+02
-3.163863999999999901e-09 3.206099999999996726e+02
-3.191062000000000163e-09 3.220049999999991996e+02
-3.410096999999999913e-09 3.233939999999993233e+02
-3.282769999999999821e-09 3.247849999999998545e+02
-3.169768999999999996e-09 3.261709999999993670e+02
-3.356715000000000025e-09 3.275559999999995853e+02
-3.168313999999999819e-09 3.289439999999995052e+02
-3.102064999999999875e-09 3.303329999999996289e+02
-3.002825000000000123e-09 3.317249999999994543e+02
-3.209685999999999870e-09 3.331289999999999054e+02
-2.973644000000000118e-09 3.345309999999999491e+02
-3.148709000000000071e-09 3.359279999999998836e+02
-3.204270000000000144e-09 3.373129999999991924e+02
-3.467764999999999967e-09 3.387069999999994252e+02
-3.211521999999999904e-09 3.401019999999998618e+02
-3.445030000000000045e-09 3.414909999999999854e+02
-3.054738999999999826e-09 3.428779999999997017e+02
-3.326852000000000166e-09 3.442729999999992287e+02
-3.556625999999999915e-09 3.456549999999997453e+02
-3.034717999999999818e-09 3.470459999999993670e+02
-3.334548000000000012e-09 3.484359999999996944e+02
-3.231146999999999823e-09 3.498269999999993161e+02
-3.561775000000000142e-09 3.512209999999995489e+02
-3.369985999999999823e-09 3.526149999999997817e+02
-3.044129000000000004e-09 3.540079999999998108e+02
-2.968329999999999820e-09 3.553999999999996362e+02
-3.280848000000000084e-09 3.567889999999997599e+02
-3.516325000000000056e-09 3.581649999999999636e+02
-3.031723999999999983e-09 3.595699999999997090e+02
-3.199934000000000171e-09 3.609679999999998472e+02
-3.281468000000000026e-09 3.623549999999995634e+02
-3.319464000000000067e-09 3.637469999999993888e+02
-3.040501999999999806e-09 3.651479999999992287e+02
-3.525821000000000040e-09 3.665509999999994761e+02
-3.160435999999999859e-09 3.679389999999993961e+02
-3.031509000000000104e-09 3.693379999999997381e+02
-3.227460999999999842e-09 3.707259999999996580e+02
-3.452509000000000201e-09 3.721149999999997817e+02
-3.089258999999999827e-09 3.734959999999991851e+02
-3.288120000000000015e-09 3.748879999999999200e+02
-2.908200999999999851e-09 3.762789999999995416e+02
-3.531669000000000163e-09 3.776779999999998836e+02
-3.214530999999999971e-09 3.790679999999993015e+02
-3.591776000000000150e-09 3.804519999999993161e+02
-3.091594000000000109e-09 3.818389999999999418e+02
-3.570819999999999876e-09 3.832319999999999709e+02
-3.261748000000000015e-09 3.846129999999993743e+02
-3.058306999999999828e-09 3.860039999999999054e+02
-3.066314999999999869e-09 3.873840000000000146e+02
-3.469728999999999858e-09 3.887749999999996362e+02
-2.936219000000000115e-09 3.901619999999993524e+02
-3.200876000000000187e-09 3.915479999999997744e+02
-3.204925000000000076e-09 3.929369999999998981e+02
-3.276805000000000039e-09 3.943239999999996144e+02
-3.379105999999999891e-09 3.957149999999992360e+02
-3.336838999999999917e-09 3.971099999999996726e+02
-3.211810999999999798e-09 3.985029999999997017e+02
-3.138829000000000101e-09 3.998999999999996362e+02
-3.249499999999999997e-09 4.012949999999991633e+02
-3.236946999999999948e-09 4.026849999999994907e+02
-3.151928000000000078e-09 4.040769999999993161e+02
-3.082465999999999972e-09 4.054739999999992506e+02
-3.230852999999999989e-09 4.068619999999991705e+02
-3.449742999999999840e-09 4.082429999999994834e+02
-3.103005000000000081e-09 4.096299999999991996e+02
-3.387910000000000143e-09 4.110169999999998254e+02
-3.095630999999999895e-09 4.123989999999994325e+02
-3.220197999999999885e-09 4.137979999999997744e+02
-3.395588000000000041e-09 4.151809999999995853e+02
-3.406493999999999921e-09 4.165619999999998981e+02
