-7.146505999999999930e-10 0.000000000000000000e+00
-6.583089000000000365e-10 1.000000000000000000e+00
-8.086311999999999983e-10 3.000000000000000000e+00
-6.145464000000000028e-10 4.000000000000000000e+00
-7.021304999999999878e-10 6.000000000000000000e+00
-6.075455999999999787e-10 7.000000000000000000e+00
-6.608370999999999699e-10 8.000000000000000000e+00
-6.922781000000000271e-10 1.000000000000000000e+01
-6.317400999999999617e-10 1.100000000000000000e+01
-6.090355000000000110e-10 1.200000000000000000e+01
-6.686931999999999796e-10 1.400000000000000000e+01
-7.803637999999999517e-10 1.500000000000000000e+01
-6.886560000000000464e-10 1.700000000000000000e+01
-6.022761000000000105e-10 1.800000000000000000e+01
-6.991588000000000238e-10 1.900000000000000000e+01
-7.384350000000000458e-10 2.100000000000000000e+01
-7.334884999999999533e-10 2.200000000000000000e+01
-6.158738999999999654e-10 2.300000000000000000e+01
-5.588394999999999498e-10 2.500000000000000000e+01
-7.094528999999999583e-10 2.600000000000000000e+01
-7.396066999999999747e-10 2.800000000000000000e+01
-6.520013000000000240e-10 2.900000000000000000e+01
-6.240066999999999809e-10 3.000000000000000000e+01
-5.964438000000000326e-10 3.200000000000000000e+01
-6.801920999999999511e-10 3.300000000000000000e+01
-7.303269000000000456e-10 3.400000000000000000e+01
-7.153342000000000463e-10 3.600000000000000000e+01
-6.635350999999999538e-10 3.700000000000000000e+01
-6.131471000000000033e-10 3.900000000000000000e+01
-6.406330000000000148e-10 4.000000000000000000e+01
-6.828376999999999818e-10 4.100000000000000000e+01
-6.264585999999999940e-10 4.300000000000000000e+01
-5.965710999999999770e-10 4.400000000000000000e+01
-7.351382999999999821e-10 4.600000000000000000e+01
-7.065874000000000368e-10 4.700000000000000000e+01
-6.220646000000000399e-10 4.800000000000000000e+01
-7.205054000000000088e-10 5.000000000000000000e+01
-6.747913000000000043e-10 5.100000000000000000e+01
-6.290832999999999797e-10 5.300000000000000000e+01
-6.697697999999999922e-10 5.400000000000000000e+01
-6.663168000000000456e-10 5.500000000000000000e+01
-6.837104000000000340e-10 5.700000000000000000e+01
-6.283271000000000480e-10 5.800000000000000000e+01
-7.499304999999999675e-10 5.900000000000000000e+01
-6.584254999999999821e-10 6.100000000000000000e+01
-7.506132000000000441e-10 6.200000000000000000e+01
-6.865658999999999731e-10 6.400000000000000000e+01
-6.125316999999999766e-10 6.500000000000000000e+01
-6.904932000000000491e-10 6.600000000000000000e+01
-6.771327999999999801e-10 6.800000000000000000e+01
