-5.000797999999999712e-09 3.899999999994179234e-01
-4.864661999999999843e-09 1.790000000000873115e+00
-4.930084999999999938e-09 3.180000000000291038e+00
-4.686370999999999719e-09 4.569999999999708962e+00
-4.766610000000000355e-09 5.950000000000727596e+00
-5.295451999999999758e-09 7.340000000000145519e+00
-5.130729999999999714e-09 8.729999999999563443e+00
-5.142915999999999821e-09 1.011999999999898137e+01
-5.390352999999999822e-09 1.152000000000043656e+01
-5.259646000000000099e-09 1.290999999999985448e+01
-5.243978999999999599e-09 1.429999999999927240e+01
-4.832115999999999612e-09 1.570000000000072760e+01
-5.477405000000000071e-09 1.709999999999854481e+01
-5.032776000000000034e-09 1.848999999999796273e+01
-5.234199999999999978e-09 1.988000000000101863e+01
-4.674560000000000037e-09 2.127000000000043656e+01
-5.434302000000000369e-09 2.265000000000145519e+01
-5.650117999999999699e-09 2.404000000000087311e+01
-4.973696000000000275e-09 2.545000000000072760e+01
-5.221553000000000156e-09 2.684000000000014552e+01
-5.217576999999999962e-09 2.822999999999956344e+01
-5.285066999999999695e-09 2.961999999999898137e+01
-5.461301000000000061e-09 3.102999999999883585e+01
-5.573196999999999609e-09 3.241999999999825377e+01
-5.394608999999999936e-09 3.381000000000130967e+01
-5.745140999999999776e-09 3.520000000000072760e+01
-5.241980000000000131e-09 3.659000000000014552e+01
-5.904706999999999843e-09 3.797999999999956344e+01
-4.336430999999999994e-09 3.936999999999898137e+01
-4.245761999999999839e-09 4.075999999999839929e+01
-4.679445999999999973e-09 4.213999999999941792e+01
-4.367251999999999593e-09 4.354000000000087311e+01
-4.524430999999999759e-09 4.495000000000072760e+01
-4.795065000000000129e-09 4.634000000000014552e+01
-4.570227000000000125e-09 4.772999999999956344e+01
-4.103415999999999843e-09 4.911999999999898137e+01
-4.062215000000000122e-09 5.050999999999839929e+01
-4.357873000000000095e-09 5.190000000000145519e+01
-4.765092000000000361e-09 5.329999999999927240e+01
-4.120255000000000058e-09 5.470000000000072760e+01
-4.929990000000000261e-09 5.609000000000014552e+01
-4.558379000000000229e-09 5.748999999999796273e+01
-5.223479999999999833e-09 5.888000000000101863e+01
-5.305900000000000051e-09 6.027000000000043656e+01
-5.256595999999999784e-09 6.166999999999825377e+01
-5.812833000000000207e-09 6.306000000000130967e+01
-5.482190000000000070e-09 6.445000000000072760e+01
-6.105183000000000340e-09 6.586000000000058208e+01
-5.139077999999999777e-09 6.725999999999839929e+01
-5.690554000000000406e-09 6.865999999999985448e+01
-5.235452000000000379e-09 7.004999999999927240e+01
-6.174010000000000272e-09 7.143000000000029104e+01
-5.349365000000000169e-09 7.281999999999970896e+01
-5.312172000000000089e-09 7.420999999999912689e+01
-5.928756999999999982e-09 7.559999999999854481e+01
-5.638318000000000216e-09 7.698999999999796273e+01
-5.215819000000000391e-09 7.838999999999941792e+01
-5.361663999999999901e-09 7.977999999999883585e+01
-5.806416000000000270e-09 8.116999999999825377e+01
-5.596125999999999748e-09 8.256999999999970896e+01
-5.908229000000000071e-09 8.395999999999912689e+01
-5.514718000000000353e-09 8.536000000000058208e+01
-5.320600000000000011e-09 8.675000000000000000e+01
-5.583420999999999635e-09 8.813999999999941792e+01
-5.584082999999999731e-09 8.954000000000087311e+01
-5.893789999999999765e-09 9.093999999999869033e+01
-5.370773999999999676e-09 9.232999999999810825e+01
-5.397631999999999916e-09 9.372999999999956344e+01
-5.388571000000000044e-09 9.511999999999898137e+01
-6.035912000000000322e-09 9.652000000000043656e+01
-5.519705999999999716e-09 9.790000000000145519e+01
-5.871392000000000149e-09 9.929000000000087311e+01
-6.058908000000000311e-09 1.006800000000002910e+02
-6.090828999999999833e-09 1.020600000000013097e+02
-6.580652999999999733e-09 1.034599999999991269e+02
-6.483265999999999644e-09 1.048499999999985448e+02
-5.976149999999999882e-09 1.062500000000000000e+02
-6.982179000000000069e-09 1.076500000000014552e+02
-6.195509000000000344e-09 1.090299999999988358e+02
-6.193191000000000105e-09 1.104300000000002910e+02
-6.096614999999999631e-09 1.118199999999997090e+02
-6.574325000000000042e-09 1.132099999999991269e+02
-6.535478999999999947e-09 1.145999999999985448e+02
-5.769511000000000178e-09 1.159899999999979627e+02
-6.290132000000000298e-09 1.173800000000010186e+02
-6.593380000000000242e-09 1.187700000000004366e+02
-6.547399999999999952e-09 1.201500000000014552e+02
-5.655024000000000220e-09 1.215400000000008731e+02
-6.176787999999999908e-09 1.229399999999986903e+02
-6.866896000000000313e-09 1.243299999999981083e+02
-6.285238000000000294e-09 1.257099999999991269e+02
-6.272777000000000206e-09 1.271100000000005821e+02
-6.143366000000000021e-09 1.285099999999983993e+02
-6.736881999999999815e-09 1.299199999999982538e+02
-6.553273000000000186e-09 1.313199999999997090e+02
-6.937181999999999630e-09 1.327000000000007276e+02
-5.960325000000000301e-09 1.340999999999985448e+02
-6.794906999999999932e-09 1.354899999999979627e+02
-7.222485000000000004e-09 1.368899999999994179e+02
-5.536596999999999963e-09 1.382799999999988358e+02
-7.291033999999999826e-09 1.396699999999982538e+02
-6.818589999999999715e-09 1.410499999999992724e+02
-7.255547999999999604e-09 1.424500000000007276e+02
-7.328119999999999712e-09 1.438199999999997090e+02
-7.722226000000000502e-09 1.452200000000011642e+02
-7.228937000000000346e-09 1.466100000000005821e+02
-7.885332000000000745e-09 1.480099999999983993e+02
-8.362617999999999173e-09 1.493899999999994179e+02
-7.653224999999999698e-09 1.507900000000008731e+02
-7.217652999999999912e-09 1.521800000000002910e+02
-7.670214000000000578e-09 1.535799999999981083e+02
-7.212869000000000231e-09 1.549700000000011642e+02
-8.109771999999999610e-09 1.563699999999989814e+02
-7.793214999999999749e-09 1.577599999999983993e+02
-7.654105000000000629e-09 1.591399999999994179e+02
-7.257214999999999945e-09 1.605200000000004366e+02
-7.768674000000000257e-09 1.619199999999982538e+02
-7.239661999999999603e-09 1.633199999999997090e+02
-7.237632000000000180e-09 1.647099999999991269e+02
-7.390745999999999905e-09 1.661199999999989814e+02
-7.702580999999999997e-09 1.675099999999983993e+02
-8.076093999999999181e-09 1.689099999999998545e+02
-8.085638999999999483e-09 1.703100000000013097e+02
-7.217719999999999763e-09 1.717000000000007276e+02
-6.923369000000000352e-09 1.730999999999985448e+02
-6.607224000000000303e-09 1.744899999999979627e+02
-5.843292000000000215e-09 1.759000000000014552e+02
-5.561784000000000240e-09 1.772900000000008731e+02
-5.700554000000000165e-09 1.786699999999982538e+02
-5.677037000000000359e-09 1.800699999999997090e+02
-6.096324000000000340e-09 1.814599999999991269e+02
-5.811331000000000350e-09 1.828400000000001455e+02
-5.697729999999999928e-09 1.842299999999995634e+02
-5.443428000000000282e-09 1.856199999999989814e+02
-4.563361999999999653e-09 1.870099999999983993e+02
-4.974874000000000247e-09 1.884000000000014552e+02
-4.249178000000000192e-09 1.897999999999992724e+02
-4.050360999999999968e-09 1.911899999999986903e+02
-3.758401000000000079e-09 1.925799999999981083e+02
-3.875868999999999864e-09 1.939799999999995634e+02
-4.064782000000000326e-09 1.953800000000010186e+02
-4.196276000000000286e-09 1.967599999999983993e+02
-4.341409000000000305e-09 1.981500000000014552e+02
-4.080387000000000087e-09 1.995400000000008731e+02
-4.016475999999999728e-09 2.009300000000002910e+02
-3.994932999999999692e-09 2.023299999999981083e+02
-4.143457000000000367e-09 2.037200000000011642e+02
-4.354931999999999784e-09 2.051199999999989814e+02
-4.027900999999999613e-09 2.065099999999983993e+02
-4.118354000000000397e-09 2.078899999999994179e+02
-3.954140999999999653e-09 2.092799999999988358e+02
-3.954233000000000029e-09 2.106699999999982538e+02
-4.094130999999999704e-09 2.120600000000013097e+02
-3.908055000000000315e-09 2.134500000000007276e+02
-3.900592000000000296e-09 2.148400000000001455e+02
-3.888793000000000304e-09 2.162299999999995634e+02
-4.155342999999999968e-09 2.176300000000010186e+02
-4.101780999999999776e-09 2.190200000000004366e+02
-3.651329000000000141e-09 2.204199999999982538e+02
-3.933781000000000356e-09 2.217999999999992724e+02
-4.081456000000000056e-09 2.231899999999986903e+02
-3.969512999999999587e-09 2.245900000000001455e+02
-4.019565000000000067e-09 2.259799999999995634e+02
-4.180226000000000119e-09 2.273699999999989814e+02
-4.185873000000000275e-09 2.287799999999988358e+02
-4.498325999999999672e-09 2.301800000000002910e+02
-4.009656999999999857e-09 2.315900000000001455e+02
-3.957954000000000000e-09 2.329899999999979627e+02
-4.109481000000000070e-09 2.343699999999989814e+02
-4.103589999999999888e-09 2.357599999999983993e+02
-3.955341000000000021e-09 2.371500000000014552e+02
-4.159958999999999862e-09 2.385299999999988358e+02
-4.388200999999999703e-09 2.399300000000002910e+02
-4.240000000000000248e-09 2.413299999999981083e+02
-4.183449000000000160e-09 2.427099999999991269e+02
-3.935099999999999780e-09 2.440900000000001455e+02
-3.998604999999999759e-09 2.454899999999979627e+02
-4.345213000000000265e-09 2.468899999999994179e+02
-5.152807999999999894e-09 2.482799999999988358e+02
-4.574641999999999638e-09 2.496800000000002910e+02
-4.587953999999999685e-09 2.510799999999981083e+02
-4.154866999999999607e-09 2.524799999999995634e+02
-4.428193000000000323e-09 2.538800000000010186e+02
-4.210179999999999621e-09 2.552900000000008731e+02
-3.922638999999999693e-09 2.566800000000002910e+02
-4.206707000000000123e-09 2.580699999999997090e+02
-4.408417999999999738e-09 2.594700000000011642e+02
-4.517021000000000092e-09 2.608600000000005821e+02
-4.390310999999999813e-09 2.622500000000000000e+02
-4.116210999999999694e-09 2.636399999999994179e+02
-4.407654000000000215e-09 2.650400000000008731e+02
-6.025270999999999717e-09 2.664399999999986903e+02
-4.758111000000000135e-09 2.678199999999997090e+02
-4.798657000000000338e-09 2.692099999999991269e+02
-4.841877000000000112e-09 2.705999999999985448e+02
-4.711188999999999829e-09 2.719899999999979627e+02
-4.727426000000000049e-09 2.733800000000010186e+02
-5.345328999999999874e-09 2.747700000000004366e+02
-5.655730999999999771e-09 2.761599999999998545e+02
-5.217928000000000182e-09 2.775499999999992724e+02
-5.463084000000000157e-09 2.789500000000007276e+02
-5.759300000000000161e-09 2.803499999999985448e+02
-5.660053999999999736e-09 2.817399999999979627e+02
-5.931293999999999722e-09 2.831399999999994179e+02
-5.513555999999999691e-09 2.845299999999988358e+02
-6.083790000000000143e-09 2.859099999999998545e+02
-6.398362000000000037e-09 2.872999999999992724e+02
-6.372173999999999961e-09 2.887000000000007276e+02
-6.101155999999999605e-09 2.900900000000001455e+02
-6.301036000000000367e-09 2.914799999999995634e+02
-6.245959000000000310e-09 2.928800000000010186e+02
-6.341239999999999911e-09 2.942900000000008731e+02
-6.427215000000000123e-09 2.956599999999998545e+02
-5.955784000000000327e-09 2.970600000000013097e+02
-6.651755999999999751e-09 2.984399999999986903e+02
-6.652800000000000022e-09 2.998299999999981083e+02
-7.018321000000000129e-09 3.012299999999995634e+02
-6.248047000000000024e-09 3.026300000000010186e+02
-6.737275000000000188e-09 3.040099999999983993e+02
-7.432276000000000278e-09 3.054000000000014552e+02
-7.536426999999999250e-09 3.067999999999992724e+02
-7.305271999999999752e-09 3.081899999999986903e+02
-7.033707000000000390e-09 3.095799999999981083e+02
-7.533226999999999922e-09 3.109599999999991269e+02
-7.865142000000000218e-09 3.123600000000005821e+02
-7.626906999999999541e-09 3.137500000000000000e+02
-8.250403000000000507e-09 3.151500000000014552e+02
-8.053921000000000151e-09 3.165299999999988358e+02
-8.286561999999999369e-09 3.179300000000002910e+02
-7.720637000000000209e-09 3.193299999999981083e+02
-8.830407999999999685e-09 3.207299999999995634e+02
-8.370723000000000356e-09 3.221199999999989814e+02
-8.139192999999999606e-09 3.235200000000004366e+02
-8.710096000000000731e-09 3.249000000000014552e+02
-7.610073000000000093e-09 3.262900000000008731e+02
-8.404821999999999330e-09 3.276800000000002910e+02
-8.450320000000000655e-09 3.290699999999997090e+02
-8.285457999999999824e-09 3.304700000000011642e+02
-8.323705999999999546e-09 3.318499999999985448e+02
-9.117377999999999573e-09 3.332399999999979627e+02
-8.632086000000000088e-09 3.346399999999994179e+02
-8.309312000000000350e-09 3.360400000000008731e+02
-8.205596999999999742e-09 3.374300000000002910e+02
-8.399944999999999783e-09 3.388199999999997090e+02
-8.524525999999999686e-09 3.402200000000011642e+02
-8.427968999999999478e-09 3.415999999999985448e+02
-8.766339999999999736e-09 3.430000000000000000e+02
-8.487507999999999969e-09 3.443899999999994179e+02
-8.023221999999999738e-09 3.457799999999988358e+02
-8.894930000000000426e-09 3.471800000000002910e+02
-8.371916000000000147e-09 3.485799999999981083e+02
-9.110561000000000340e-09 3.499700000000011642e+02
-8.195085000000000554e-09 3.513699999999989814e+02
-8.357816000000000372e-09 3.527599999999983993e+02
-8.639223000000000411e-09 3.541599999999998545e+02
-8.356772000000000101e-09 3.555600000000013097e+02
-8.339622999999999502e-09 3.569500000000007276e+02
-8.520190000000000539e-09 3.583499999999985448e+02
-9.242486000000000379e-09 3.597500000000000000e+02
-9.007771000000000119e-09 3.611399999999994179e+02
-8.822680999999999883e-09 3.625400000000008731e+02
-8.024018000000000363e-09 3.639300000000002910e+02
-9.105476000000000662e-09 3.653199999999997090e+02
-8.680939000000000518e-09 3.667099999999991269e+02
-8.756150999999999286e-09 3.681100000000005821e+02
-8.935303999999999567e-09 3.695000000000000000e+02
-8.332546000000000107e-09 3.708800000000010186e+02
-8.684534000000000029e-09 3.722599999999983993e+02
-8.714797000000000424e-09 3.736599999999998545e+02
-9.364997000000000515e-09 3.750499999999992724e+02
-1.003704000000000032e-08 3.764500000000007276e+02
-8.307201000000000749e-09 3.778699999999989814e+02
-8.639230999999999653e-09 3.792599999999983993e+02
-8.426551999999999420e-09 3.806599999999998545e+02
-8.306043999999999199e-09 3.820400000000008731e+02
-8.599334000000000364e-09 3.834300000000002910e+02
-8.664887999999999206e-09 3.848199999999997090e+02
-8.795359000000000626e-09 3.862000000000007276e+02
-9.018106000000000787e-09 3.875900000000001455e+02
-8.681474999999999326e-09 3.889799999999995634e+02
-9.730463000000000461e-09 3.903699999999989814e+02
-8.891687000000000627e-09 3.917799999999988358e+02
-9.878629999999999831e-09 3.931599999999998545e+02
-9.786981000000000782e-09 3.945499999999992724e+02
-8.676745000000000316e-09 3.959599999999991269e+02
-9.015993999999999213e-09 3.973499999999985448e+02
-9.706336999999999256e-09 3.987299999999995634e+02
-1.013131999999999930e-08 4.001300000000010186e+02
-9.542138999999999985e-09 4.015200000000004366e+02
-9.515414999999999447e-09 4.029199999999982538e+02
-8.938275000000000342e-09 4.042999999999992724e+02
-9.280551999999999986e-09 4.057000000000007276e+02
-9.615313999999999579e-09 4.070999999999985448e+02
-8.936245000000000092e-09 4.085000000000000000e+02
-1.022295000000000056e-08 4.098899999999994179e+02
-9.202068000000000446e-09 4.112799999999988358e+02
-9.046852000000000680e-09 4.126800000000002910e+02
-9.977183999999999696e-09 4.140699999999997090e+02
-8.497630999999999232e-09 4.154500000000007276e+02
-9.728068999999999983e-09 4.168400000000001455e+02
