-6.364253999999999848e-09 1.000000000000000000e+00
-6.133373000000000012e-09 2.000000000000000000e+00
-6.068709000000000327e-09 3.000000000000000000e+00
-6.230968000000000232e-09 5.000000000000000000e+00
-6.290025000000000104e-09 6.000000000000000000e+00
-6.318058000000000187e-09 8.000000000000000000e+00
-6.088713999999999784e-09 9.000000000000000000e+00
-6.347500999999999751e-09 1.000000000000000000e+01
-5.998665000000000398e-09 1.200000000000000000e+01
-6.338345000000000202e-09 1.300000000000000000e+01
-6.478364000000000398e-09 1.400000000000000000e+01
-6.431536000000000278e-09 1.600000000000000000e+01
-6.122187999999999704e-09 1.700000000000000000e+01
-6.432403000000000374e-09 1.900000000000000000e+01
-6.189307000000000287e-09 2.000000000000000000e+01
-6.349721000000000184e-09 2.100000000000000000e+01
-5.875223999999999935e-09 2.300000000000000000e+01
-6.151608000000000208e-09 2.400000000000000000e+01
-6.311286999999999901e-09 2.600000000000000000e+01
-6.012249000000000297e-09 2.700000000000000000e+01
-6.234276000000000072e-09 2.800000000000000000e+01
-6.200055000000000258e-09 3.000000000000000000e+01
-6.561880000000000092e-09 3.100000000000000000e+01
-6.048775999999999834e-09 3.300000000000000000e+01
-6.096890999999999931e-09 3.400000000000000000e+01
-6.221470000000000024e-09 3.500000000000000000e+01
-6.476265999999999978e-09 3.700000000000000000e+01
-6.178250999999999741e-09 3.800000000000000000e+01
-6.355456000000000268e-09 3.900000000000000000e+01
-6.077591000000000215e-09 4.100000000000000000e+01
-6.072482999999999822e-09 4.200000000000000000e+01
-6.187254000000000149e-09 4.400000000000000000e+01
-6.457622000000000099e-09 4.500000000000000000e+01
-5.956669999999999863e-09 4.600000000000000000e+01
-5.735193000000000049e-09 4.800000000000000000e+01
-6.488341000000000270e-09 4.900000000000000000e+01
-6.281652000000000344e-09 5.100000000000000000e+01
-6.028467999999999742e-09 5.200000000000000000e+01
-6.249833000000000249e-09 5.300000000000000000e+01
-6.170655999999999831e-09 5.500000000000000000e+01
-6.651339000000000000e-09 5.600000000000000000e+01
-6.208554999999999970e-09 5.700000000000000000e+01
-6.235873999999999925e-09 5.900000000000000000e+01
-6.370843000000000020e-09 6.000000000000000000e+01
-6.069515000000000004e-09 6.200000000000000000e+01
-5.823421999999999952e-09 6.300000000000000000e+01
-5.970500999999999915e-09 6.400000000000000000e+01
-5.777566999999999804e-09 6.600000000000000000e+01
-6.243164999999999709e-09 6.700000000000000000e+01
-6.198400999999999925e-09 6.800000000000000000e+01
