-4.000358000000000012e-10 0.000000000000000000e+00
-4.114153000000000134e-10 2.000000000000000000e+00
-4.078812999999999923e-10 3.000000000000000000e+00
-4.076381000000000153e-10 5.000000000000000000e+00
-4.042308999999999860e-10 6.000000000000000000e+00
-4.045949000000000066e-10 7.000000000000000000e+00
-4.011132999999999905e-10 9.000000000000000000e+00
-4.208426000000000187e-10 1.000000000000000000e+01
-4.036032999999999994e-10 1.100000000000000000e+01
-4.024278999999999768e-10 1.300000000000000000e+01
-4.181606000000000170e-10 1.400000000000000000e+01
-4.014160000000000126e-10 1.500000000000000000e+01
-4.052612000000000253e-10 1.700000000000000000e+01
-4.016147000000000214e-10 1.800000000000000000e+01
-4.049788999999999921e-10 2.000000000000000000e+01
-4.034240000000000226e-10 2.100000000000000000e+01
-4.073878999999999783e-10 2.200000000000000000e+01
-4.073470000000000203e-10 2.400000000000000000e+01
-4.077307000000000135e-10 2.500000000000000000e+01
-4.016872000000000230e-10 2.600000000000000000e+01
