-3.394340000000000089e-09 3.840000000000145519e-01
-2.880427000000000025e-09 1.786000000000058208e+00
-3.431831000000000037e-09 3.186000000000149157e+00
-3.381625000000000097e-09 4.567000000000007276e+00
-3.018733000000000106e-09 5.963999999999941792e+00
-3.131606999999999979e-09 7.367000000000189175e+00
-3.199086999999999832e-09 8.758000000000265572e+00
-3.078824999999999860e-09 1.015100000000029468e+01
-2.982747000000000143e-09 1.154500000000007276e+01
-3.056652000000000003e-09 1.293699999999989814e+01
-2.957210999999999871e-09 1.432799999999997453e+01
-2.887311999999999841e-09 1.571900000000005093e+01
-3.273022000000000157e-09 1.711000000000012733e+01
-2.922171999999999864e-09 1.850100000000020373e+01
-3.196515000000000102e-09 1.989400000000023283e+01
-3.193842000000000023e-09 2.128600000000005821e+01
-3.602503999999999950e-09 2.266800000000012005e+01
-2.942109999999999883e-09 2.405999999999994543e+01
-3.209802000000000038e-09 2.545000000000027285e+01
-3.112196999999999939e-09 2.684099999999989450e+01
-2.938157999999999895e-09 2.824099999999998545e+01
-3.014321999999999799e-09 2.962800000000015643e+01
-3.394275999999999953e-09 3.102899999999999636e+01
-3.188423000000000168e-09 3.241800000000012005e+01
-3.318126999999999868e-09 3.380200000000013461e+01
-3.113496000000000019e-09 3.519399999999995998e+01
-3.060037999999999892e-09 3.659200000000009823e+01
-3.130067999999999908e-09 3.797400000000016007e+01
-3.273233999999999907e-09 3.936300000000028376e+01
-3.049946000000000171e-09 4.075199999999995271e+01
-3.003104000000000138e-09 4.214300000000002910e+01
-3.017735999999999928e-09 4.352899999999999636e+01
-2.991345000000000076e-09 4.491699999999991633e+01
-3.377871999999999851e-09 4.631300000000010186e+01
-3.321894999999999932e-09 4.770800000000008367e+01
-3.076725000000000043e-09 4.909500000000025466e+01
-3.222236000000000204e-09 5.047100000000000364e+01
-2.995158000000000009e-09 5.187300000000004729e+01
-3.138133999999999826e-09 5.327899999999999636e+01
-3.678785999999999832e-09 5.467399999999997817e+01
-2.842626000000000106e-09 5.606199999999989814e+01
-3.013294999999999984e-09 5.745400000000017826e+01
-3.255433999999999824e-09 5.884600000000000364e+01
-3.265692999999999840e-09 6.023800000000028376e+01
-2.904506999999999801e-09 6.162699999999995271e+01
-3.177912999999999963e-09 6.301200000000017099e+01
-3.044064999999999869e-09 6.442100000000027649e+01
-3.095722999999999857e-09 6.580500000000029104e+01
-3.081824000000000048e-09 6.720100000000002183e+01
-3.270508999999999795e-09 6.858600000000024011e+01
-2.902244000000000137e-09 6.999099999999998545e+01
-3.046533999999999853e-09 7.138900000000012369e+01
-2.881304000000000000e-09 7.278099999999994907e+01
-2.957863999999999992e-09 7.417799999999988358e+01
-3.402815000000000103e-09 7.556399999999985084e+01
-3.141503000000000086e-09 7.695100000000002183e+01
-2.915527999999999943e-09 7.834000000000014552e+01
-3.025121999999999803e-09 7.972699999999986176e+01
-3.024994999999999851e-09 8.111900000000014188e+01
-3.180757999999999864e-09 8.250000000000000000e+01
-2.938056999999999959e-09 8.389699999999993452e+01
-3.034650999999999967e-09 8.529399999999986903e+01
-3.201598999999999875e-09 8.669000000000005457e+01
-3.215857999999999877e-09 8.808699999999998909e+01
-3.139590999999999814e-09 8.949000000000023647e+01
-3.129892999999999957e-09 9.086900000000014188e+01
-3.461700000000000154e-09 9.227500000000009095e+01
-2.872305000000000040e-09 9.366200000000026193e+01
-3.088790999999999948e-09 9.506700000000000728e+01
-3.176700999999999906e-09 9.645900000000028740e+01
-3.530175999999999866e-09 9.784999999999990905e+01
-2.921345000000000111e-09 9.924499999999989086e+01
-2.977089000000000203e-09 1.006379999999999200e+02
-3.151475999999999923e-09 1.020349999999998545e+02
-3.096070000000000042e-09 1.034270000000001346e+02
-3.124038999999999990e-09 1.048229999999998654e+02
-3.316127999999999987e-09 1.062100000000000364e+02
-3.061115999999999834e-09 1.075970000000002074e+02
-2.865191000000000017e-09 1.089909999999999854e+02
-2.981666000000000072e-09 1.103899999999998727e+02
-2.946797999999999981e-09 1.117809999999999491e+02
-2.861091999999999905e-09 1.131800000000002910e+02
-3.236768999999999868e-09 1.145610000000001492e+02
-3.388337000000000187e-09 1.159490000000000691e+02
-3.525556999999999843e-09 1.173470000000002074e+02
-2.958880999999999928e-09 1.187580000000002656e+02
-3.035018999999999815e-09 1.201680000000001201e+02
-3.165491999999999805e-09 1.215560000000000400e+02
-3.672039000000000165e-09 1.229470000000001164e+02
-3.180317999999999812e-09 1.243460000000000036e+02
-3.041420000000000029e-09 1.257280000000000655e+02
-3.113288999999999794e-09 1.271170000000001892e+02
-3.430545999999999870e-09 1.285039999999999054e+02
-3.253928999999999838e-09 1.298949999999999818e+02
-3.019280999999999843e-09 1.312820000000001528e+02
-3.429755999999999918e-09 1.326570000000001528e+02
-3.046785000000000041e-09 1.340599999999999454e+02
-3.300637000000000169e-09 1.354560000000001310e+02
-3.163047999999999932e-09 1.368450000000002547e+02
-3.233857000000000117e-09 1.382330000000001746e+02
-3.046934999999999881e-09 1.396159999999999854e+02
-2.902957999999999851e-09 1.410080000000002656e+02
-3.031449999999999908e-09 1.423899999999998727e+02
-3.201475000000000052e-09 1.437780000000002474e+02
-3.031696000000000157e-09 1.451680000000001201e+02
-2.894655000000000071e-09 1.465450000000000728e+02
-3.216788000000000204e-09 1.479490000000000691e+02
-3.009149000000000193e-09 1.493499999999999091e+02
-3.094075000000000195e-09 1.507500000000000000e+02
-3.039632999999999899e-09 1.521399999999998727e+02
-3.212628000000000086e-09 1.535399999999999636e+02
-3.082673000000000197e-09 1.549320000000002437e+02
-3.540564000000000058e-09 1.563369999999999891e+02
-3.210129000000000051e-09 1.577330000000001746e+02
-3.151789000000000023e-09 1.591190000000001419e+02
-3.473549999999999860e-09 1.605010000000002037e+02
-3.249895000000000181e-09 1.619010000000002947e+02
-3.092733000000000057e-09 1.632970000000000255e+02
-3.177966999999999806e-09 1.646840000000001965e+02
-3.453819000000000065e-09 1.660750000000002728e+02
-3.207753999999999840e-09 1.674569999999998799e+02
-2.923755999999999804e-09 1.688479999999999563e+02
-3.072966999999999858e-09 1.702390000000000327e+02
-2.772077000000000084e-09 1.716420000000002801e+02
-3.203486000000000036e-09 1.730430000000001201e+02
-3.457803999999999819e-09 1.744270000000001346e+02
-2.953912000000000004e-09 1.758160000000002583e+02
-3.209572999999999831e-09 1.772040000000001783e+02
-3.252016000000000074e-09 1.785979999999999563e+02
-3.296969000000000136e-09 1.799949999999998909e+02
-3.176966999999999913e-09 1.813830000000002656e+02
-3.087688999999999800e-09 1.827690000000002328e+02
-3.186296000000000016e-09 1.841579999999999018e+02
-3.446910999999999948e-09 1.855489999999999782e+02
-3.336145999999999865e-09 1.869470000000001164e+02
-3.069939999999999844e-09 1.883369999999999891e+02
-3.013543000000000044e-09 1.897240000000001601e+02
-2.848895000000000014e-09 1.911179999999999382e+02
-2.918576000000000035e-09 1.925109999999999673e+02
-3.073751999999999872e-09 1.939070000000001528e+02
-2.933685999999999996e-09 1.953090000000001965e+02
-3.243384000000000057e-09 1.967069999999998799e+02
-3.084838999999999960e-09 1.980940000000000509e+02
-3.005940000000000065e-09 1.994810000000002219e+02
-3.182274999999999953e-09 2.008730000000000473e+02
-3.065302999999999873e-09 2.022530000000001564e+02
-3.619510000000000046e-09 2.036430000000000291e+02
-3.125246000000000108e-09 2.050320000000001528e+02
-3.230605999999999835e-09 2.064270000000001346e+02
-3.416413999999999820e-09 2.078310000000001310e+02
-3.359882999999999905e-09 2.092310000000002219e+02
-2.946070999999999845e-09 2.106120000000000800e+02
-3.124152000000000029e-09 2.119990000000002510e+02
-3.329537999999999840e-09 2.133809999999998581e+02
-2.948590000000000051e-09 2.147780000000002474e+02
-3.121721000000000164e-09 2.161680000000001201e+02
-2.969818000000000177e-09 2.175729999999998654e+02
-2.972839999999999838e-09 2.189720000000002074e+02
-3.401049000000000050e-09 2.203670000000001892e+02
-3.194749000000000049e-09 2.217699999999999818e+02
-3.036186000000000004e-09 2.231649999999999636e+02
-2.996182000000000108e-09 2.245520000000001346e+02
-3.003319999999999923e-09 2.259389999999998508e+02
-3.391827000000000141e-09 2.273270000000002256e+02
-3.098791000000000120e-09 2.287150000000001455e+02
-3.278410999999999961e-09 2.301069999999999709e+02
-3.154218000000000078e-09 2.315050000000001091e+02
-3.297566000000000191e-09 2.329020000000000437e+02
-3.119036999999999887e-09 2.342989999999999782e+02
-3.160761999999999967e-09 2.357020000000002256e+02
-3.004557000000000092e-09 2.371019999999998618e+02
-3.219939000000000041e-09 2.384920000000001892e+02
-3.296172000000000020e-09 2.399189999999998690e+02
-3.134982999999999988e-09 2.413130000000001019e+02
-3.654205999999999902e-09 2.426970000000001164e+02
-3.004388999999999891e-09 2.440850000000000364e+02
-3.156295999999999913e-09 2.454790000000002692e+02
-3.074960999999999800e-09 2.468720000000002983e+02
-2.970810999999999906e-09 2.482660000000000764e+02
-3.234752000000000040e-09 2.496590000000001055e+02
-3.071344999999999799e-09 2.510590000000001965e+02
-3.038139000000000111e-09 2.524650000000001455e+02
-3.232375999999999923e-09 2.538640000000000327e+02
-2.945118999999999950e-09 2.552500000000000000e+02
-3.149617999999999907e-09 2.566320000000000618e+02
-3.008706000000000012e-09 2.580180000000000291e+02
-3.112036999999999807e-09 2.594070000000001528e+02
-3.106311000000000111e-09 2.607939999999998690e+02
-3.035225000000000135e-09 2.621860000000001492e+02
-3.237338000000000097e-09 2.635630000000001019e+02
-3.165840999999999801e-09 2.649549999999999272e+02
-2.827309999999999825e-09 2.663519999999998618e+02
-3.082010000000000196e-09 2.677519999999999527e+02
-3.311767999999999808e-09 2.691559999999999491e+02
-3.356837999999999942e-09 2.705570000000002437e+02
-3.048456000000000004e-09 2.719470000000001164e+02
-3.213505000000000061e-09 2.733450000000002547e+02
-3.471446000000000008e-09 2.747330000000001746e+02
-3.438395000000000098e-09 2.761269999999999527e+02
-2.953990000000000053e-09 2.775250000000000909e+02
-3.071626000000000039e-09 2.789189999999998690e+02
-3.052838000000000165e-09 2.803130000000001019e+02
-3.373747000000000137e-09 2.817040000000001783e+02
-3.230716000000000158e-09 2.831060000000002219e+02
-3.172085999999999917e-09 2.845000000000000000e+02
-3.276046000000000042e-09 2.859039999999999964e+02
-3.026262999999999975e-09 2.873050000000002910e+02
-3.446304999999999919e-09 2.887010000000000218e+02
-3.163371999999999817e-09 2.900840000000002874e+02
-3.933124000000000200e-09 2.914790000000002692e+02
-3.066990999999999878e-09 2.928760000000002037e+02
-3.271044999999999844e-09 2.942680000000000291e+02
-3.205496000000000115e-09 2.956460000000001855e+02
-3.044870999999999959e-09 2.970370000000002619e+02
-3.367310000000000028e-09 2.984189999999998690e+02
-2.996270000000000035e-09 2.998180000000002110e+02
-3.038359999999999835e-09 3.012150000000001455e+02
-3.071629000000000168e-09 3.026179999999999382e+02
-3.009832999999999857e-09 3.040019999999999527e+02
-3.532918999999999926e-09 3.053920000000002801e+02
-3.398102999999999799e-09 3.067840000000001055e+02
-3.238263999999999975e-09 3.081620000000002619e+02
-2.969279999999999904e-09 3.095700000000001637e+02
-3.127222000000000102e-09 3.109580000000000837e+02
-3.396788999999999901e-09 3.123530000000000655e+02
-3.411997000000000083e-09 3.137490000000002510e+02
-3.198752000000000164e-09 3.151420000000002801e+02
-3.338203000000000037e-09 3.165399999999999636e+02
-3.755788999999999592e-09 3.179210000000002765e+02
-3.143684999999999986e-09 3.193200000000001637e+02
-3.055771999999999899e-09 3.207190000000000509e+02
-3.176417999999999856e-09 3.221089999999999236e+02
-3.251372999999999832e-09 3.235190000000002328e+02
-2.913369999999999836e-09 3.249050000000002001e+02
-3.143562999999999973e-09 3.262989999999999782e+02
-3.350953999999999924e-09 3.276880000000001019e+02
-3.021604000000000022e-09 3.290740000000000691e+02
-3.404760000000000142e-09 3.304569999999998799e+02
-3.640394000000000116e-09 3.318519999999998618e+02
-2.929066999999999973e-09 3.332400000000002365e+02
-3.352380999999999862e-09 3.346210000000000946e+02
-3.064281999999999903e-09 3.360100000000002183e+02
-3.046968000000000060e-09 3.374030000000002474e+02
-3.193571999999999981e-09 3.387950000000000728e+02
-3.135313000000000131e-09 3.401829999999999927e+02
-3.042001999999999852e-09 3.415750000000002728e+02
-3.016959999999999888e-09 3.429619999999999891e+02
-3.635710999999999957e-09 3.443510000000001128e+02
-3.263044999999999871e-09 3.457339999999999236e+02
-3.083967999999999829e-09 3.471250000000000000e+02
-2.911703999999999813e-09 3.485210000000001855e+02
-3.147893000000000102e-09 3.499130000000000109e+02
-3.581771000000000038e-09 3.513060000000000400e+02
-3.409930000000000032e-09 3.527080000000000837e+02
-3.320821000000000024e-09 3.540909999999998945e+02
-3.004275999999999852e-09 3.554909999999999854e+02
-3.280050999999999968e-09 3.568870000000001710e+02
-3.505246000000000036e-09 3.582890000000002146e+02
-3.104981999999999980e-09 3.596800000000002910e+02
-3.294066999999999850e-09 3.610790000000001783e+02
-3.307281000000000090e-09 3.624610000000002401e+02
-2.989963999999999913e-09 3.638530000000000655e+02
-2.849414000000000021e-09 3.652440000000001419e+02
-3.016212000000000089e-09 3.666449999999999818e+02
-3.320277999999999812e-09 3.680360000000000582e+02
-3.130162999999999999e-09 3.694259999999999309e+02
-3.154069000000000144e-09 3.708220000000001164e+02
-3.425707000000000028e-09 3.722080000000000837e+02
-3.073929000000000046e-09 3.736040000000002692e+02
-3.366811000000000193e-09 3.749929999999999382e+02
-2.934658000000000062e-09 3.763840000000000146e+02
-3.055919999999999928e-09 3.777750000000000909e+02
-3.075108999999999829e-09 3.791889999999998508e+02
-3.123092000000000034e-09 3.805790000000001783e+02
-3.034335000000000152e-09 3.819729999999999563e+02
-3.196851999999999995e-09 3.833670000000001892e+02
-3.331032000000000042e-09 3.847559999999998581e+02
-3.357941999999999901e-09 3.861489999999998872e+02
-3.119701000000000206e-09 3.875489999999999782e+02
-3.273081999999999844e-09 3.889369999999998981e+02
-3.099115000000000004e-09 3.903470000000002074e+02
-3.139043000000000076e-09 3.917510000000002037e+02
-3.347094999999999804e-09 3.931449999999999818e+02
-3.390150999999999825e-09 3.945399999999999636e+02
-3.456113000000000099e-09 3.959410000000002583e+02
-2.884514000000000034e-09 3.973340000000002874e+02
-3.066714000000000087e-09 3.987269999999998618e+02
-3.089999999999999876e-09 4.001420000000002801e+02
-3.102604000000000053e-09 4.015340000000001055e+02
-3.047251000000000110e-09 4.029320000000002437e+02
-3.266568999999999910e-09 4.043279999999999745e+02
-2.951089000000000086e-09 4.057280000000000655e+02
-3.460723000000000148e-09 4.071280000000001564e+02
-3.442303000000000122e-09 4.085230000000001382e+02
-3.533546999999999937e-09 4.099169999999999163e+02
-2.983516000000000019e-09 4.113060000000000400e+02
-3.117496999999999910e-09 4.127029999999999745e+02
-3.091931999999999906e-09 4.140940000000000509e+02
-3.183531999999999879e-09 4.154819999999999709e+02
-3.463712999999999948e-09 4.168800000000001091e+02
