-1.002990000000000070e-08 3.999999999978172127e-01
-9.756326999999999824e-09 1.799999999999272404e+00
-1.044949000000000048e-08 3.199999999997089617e+00
-1.037329999999999932e-08 4.579999999998108251e+00
-1.014834000000000013e-08 5.969999999997526174e+00
-9.754375999999999942e-09 7.359999999996944098e+00
-1.072286999999999939e-08 8.750000000000000000e+00
-1.032746999999999970e-08 1.014999999999781721e+01
-9.594824999999999693e-09 1.153999999999723514e+01
-1.039515999999999949e-08 1.291999999999825377e+01
-9.976611999999999338e-09 1.430999999999767169e+01
-1.013784999999999969e-08 1.569999999999708962e+01
-1.036081999999999980e-08 1.707999999999810825e+01
-7.754212999999999556e-09 1.846999999999752617e+01
-7.758230999999999903e-09 1.986999999999898137e+01
-7.372868000000000187e-09 2.126999999999679858e+01
-7.470636999999999625e-09 2.266999999999825377e+01
-8.646100999999999237e-09 2.404999999999927240e+01
-7.166578000000000065e-09 2.543000000000029104e+01
-8.331439999999999924e-09 2.684000000000014552e+01
-7.288832999999999660e-09 2.822999999999956344e+01
-7.392577999999999905e-09 2.962999999999738066e+01
-7.522627000000000807e-09 3.101999999999679858e+01
-7.346737000000000083e-09 3.239999999999781721e+01
-7.639346999999999552e-09 3.380999999999767169e+01
-7.410938000000000243e-09 3.518999999999869033e+01
-6.877224999999999896e-09 3.659999999999854481e+01
-7.858466999999999928e-09 3.798999999999796273e+01
-7.756164999999999758e-09 3.938999999999941792e+01
-7.230608000000000308e-09 4.077999999999883585e+01
-8.070204999999999637e-09 4.216999999999825377e+01
-7.847141999999999660e-09 4.356999999999970896e+01
-8.115182000000000318e-09 4.495999999999912689e+01
-7.469437999999999575e-09 4.634999999999854481e+01
-8.110373999999999604e-09 4.773999999999796273e+01
-8.251690000000000484e-09 4.913999999999941792e+01
-7.002828999999999993e-09 5.052999999999883585e+01
-7.369674999999999782e-09 5.190999999999985448e+01
-7.268734000000000017e-09 5.330999999999767169e+01
-6.779915999999999855e-09 5.469999999999708962e+01
-8.083537999999999760e-09 5.609999999999854481e+01
-6.531694000000000254e-09 5.748999999999796273e+01
-6.839441000000000019e-09 5.886999999999898137e+01
-5.533831000000000016e-09 6.025999999999839929e+01
-5.443942000000000349e-09 6.163999999999941792e+01
-5.522767999999999720e-09 6.303999999999723514e+01
-5.428661999999999963e-09 6.443999999999869033e+01
-6.002995999999999605e-09 6.582999999999810825e+01
-5.822611999999999828e-09 6.722999999999956344e+01
-5.465308000000000210e-09 6.860999999999694410e+01
-5.383232999999999954e-09 6.998999999999796273e+01
-5.367372999999999969e-09 7.138999999999941792e+01
-6.238060999999999765e-09 7.278999999999723514e+01
-5.308192999999999766e-09 7.416999999999825377e+01
-5.430393000000000027e-09 7.555999999999767169e+01
-5.366417999999999945e-09 7.694999999999708962e+01
-6.063426999999999890e-09 7.834000000000014552e+01
-6.098301999999999731e-09 7.972999999999956344e+01
-5.146059000000000003e-09 8.112999999999738066e+01
-5.347172000000000072e-09 8.251999999999679858e+01
-6.311148000000000259e-09 8.390999999999985448e+01
-5.414668000000000063e-09 8.528999999999723514e+01
-6.032873999999999696e-09 8.668999999999869033e+01
-5.343486999999999996e-09 8.809000000000014552e+01
-6.002111000000000388e-09 8.947999999999956344e+01
-5.605983999999999736e-09 9.087999999999738066e+01
-5.866963999999999800e-09 9.226999999999679858e+01
-5.768012999999999942e-09 9.363999999999941792e+01
-5.720869000000000007e-09 9.504999999999927240e+01
-6.124634999999999706e-09 9.644999999999708962e+01
-6.240239000000000044e-09 9.781999999999970896e+01
-6.025083999999999664e-09 9.922999999999956344e+01
-5.784834000000000209e-09 1.006199999999989814e+02
-6.038131999999999927e-09 1.020099999999983993e+02
-6.297335999999999646e-09 1.034099999999998545e+02
-5.380299999999999712e-09 1.048099999999976717e+02
-5.608910000000000228e-09 1.062099999999991269e+02
-5.670484000000000082e-09 1.075900000000001455e+02
-5.903221999999999615e-09 1.089899999999979627e+02
-5.820504999999999847e-09 1.103899999999994179e+02
-5.857126999999999889e-09 1.117799999999988358e+02
-5.908992000000000102e-09 1.131699999999982538e+02
-5.622162000000000174e-09 1.145599999999976717e+02
-5.748189999999999772e-09 1.159399999999986903e+02
-6.162670999999999677e-09 1.173299999999981083e+02
-5.604382000000000262e-09 1.187299999999995634e+02
-5.806349999999999910e-09 1.201099999999969441e+02
-5.612556999999999771e-09 1.215000000000000000e+02
-5.582580999999999874e-09 1.228899999999994179e+02
-5.010621999999999616e-09 1.242799999999988358e+02
-5.866823000000000349e-09 1.256699999999982538e+02
-5.624197999999999855e-09 1.270599999999976717e+02
-5.555006999999999696e-09 1.284499999999970896e+02
-5.807742000000000271e-09 1.298299999999981083e+02
-5.740702000000000056e-09 1.312299999999995634e+02
-5.412260000000000085e-09 1.326199999999989814e+02
-5.874652999999999897e-09 1.340000000000000000e+02
-5.896620999999999753e-09 1.353999999999978172e+02
-5.773469999999999916e-09 1.367999999999992724e+02
-6.154595999999999785e-09 1.381899999999986903e+02
-6.086032999999999636e-09 1.395799999999981083e+02
-5.924463999999999653e-09 1.409699999999975262e+02
-5.941006999999999810e-09 1.423599999999969441e+02
-6.149433000000000058e-09 1.437399999999979627e+02
-5.852836000000000198e-09 1.451299999999973807e+02
-6.168029999999999844e-09 1.465299999999988358e+02
-5.826858000000000063e-09 1.479199999999982538e+02
-6.040554000000000232e-09 1.493099999999976717e+02
-6.310870000000000149e-09 1.506899999999986903e+02
-6.494831999999999808e-09 1.520900000000001455e+02
-6.035221000000000081e-09 1.534699999999975262e+02
-5.527895000000000379e-09 1.548599999999969441e+02
-6.023874000000000244e-09 1.562399999999979627e+02
-5.917548999999999786e-09 1.576399999999994179e+02
-5.728192000000000065e-09 1.590299999999988358e+02
-5.992771000000000088e-09 1.604199999999982538e+02
-5.644725999999999766e-09 1.618199999999997090e+02
-5.839638000000000096e-09 1.632099999999991269e+02
-6.036457999999999836e-09 1.646199999999989814e+02
-6.189984999999999692e-09 1.660099999999983993e+02
-5.762910000000000317e-09 1.673999999999978172e+02
-5.617894999999999862e-09 1.687899999999972351e+02
-5.734405999999999812e-09 1.701699999999982538e+02
-6.582484000000000241e-09 1.715599999999976717e+02
-6.065943999999999872e-09 1.729499999999970896e+02
-6.119727000000000202e-09 1.743299999999981083e+02
-6.291012999999999894e-09 1.757199999999975262e+02
-6.176851000000000139e-09 1.771199999999989814e+02
-5.618116000000000000e-09 1.785099999999983993e+02
-5.464649999999999736e-09 1.798999999999978172e+02
-5.957019000000000272e-09 1.812899999999972351e+02
-5.910311999999999845e-09 1.826699999999982538e+02
-5.836366999999999642e-09 1.840599999999976717e+02
-6.023519000000000404e-09 1.854499999999970896e+02
-5.544032000000000155e-09 1.868299999999981083e+02
-5.706507999999999750e-09 1.882299999999995634e+02
-5.503653000000000247e-09 1.896299999999973807e+02
-5.864985000000000091e-09 1.910199999999967986e+02
-6.011465999999999680e-09 1.923999999999978172e+02
-5.680944000000000064e-09 1.937899999999972351e+02
-5.767064999999999668e-09 1.951800000000002910e+02
-5.617692999999999990e-09 1.965799999999981083e+02
-5.924030999999999765e-09 1.979699999999975262e+02
-5.730878000000000153e-09 1.993599999999969441e+02
-5.300428000000000259e-09 2.007599999999983993e+02
-5.454153000000000366e-09 2.021499999999978172e+02
-5.192597000000000324e-09 2.035599999999976717e+02
-5.622762999999999849e-09 2.049599999999991269e+02
-6.288129999999999874e-09 2.063499999999985448e+02
-6.036664000000000155e-09 2.077299999999995634e+02
-6.375056999999999981e-09 2.091199999999989814e+02
-6.434814999999999973e-09 2.105199999999967986e+02
-6.190690999999999752e-09 2.119199999999982538e+02
-6.507219999999999786e-09 2.133099999999976717e+02
-5.921902999999999708e-09 2.146999999999970896e+02
-5.899824000000000036e-09 2.160900000000001455e+02
-6.693582999999999673e-09 2.174899999999979627e+02
-7.280881000000000099e-09 2.188799999999973807e+02
-6.626642999999999902e-09 2.202699999999967986e+02
-6.496245999999999737e-09 2.216499999999978172e+02
-4.694144999999999613e-09 2.230399999999972351e+02
-4.334815000000000194e-09 2.244399999999986903e+02
-3.979459000000000330e-09 2.258299999999981083e+02
-4.163282000000000348e-09 2.272299999999995634e+02
-4.130768000000000391e-09 2.286199999999989814e+02
-4.090816999999999606e-09 2.300099999999983993e+02
-4.663597999999999677e-09 2.314199999999982538e+02
-3.931175000000000127e-09 2.329099999999998545e+02
-4.306964999999999716e-09 2.342999999999992724e+02
-3.684533999999999924e-09 2.356899999999986903e+02
-4.370313999999999597e-09 2.370799999999981083e+02
-3.659832999999999887e-09 2.384699999999975262e+02
-3.971607999999999878e-09 2.398499999999985448e+02
-3.740113999999999850e-09 2.412399999999979627e+02
-3.712004999999999942e-09 2.426499999999978172e+02
-3.727631999999999686e-09 2.440499999999992724e+02
-3.596666000000000120e-09 2.454499999999970896e+02
-3.789514999999999605e-09 2.468299999999981083e+02
-4.354716999999999904e-09 2.482299999999995634e+02
-3.697474999999999994e-09 2.496199999999989814e+02
-3.769142999999999792e-09 2.510000000000000000e+02
-4.457056000000000289e-09 2.523899999999994179e+02
-3.833950999999999885e-09 2.537799999999988358e+02
-3.785207999999999777e-09 2.551499999999978172e+02
-3.755099999999999988e-09 2.565399999999972351e+02
-3.895646000000000260e-09 2.579399999999986903e+02
-4.233243999999999780e-09 2.593400000000001455e+02
-3.488269000000000086e-09 2.607199999999975262e+02
-3.498643999999999856e-09 2.621099999999969441e+02
-3.814639999999999971e-09 2.635000000000000000e+02
-3.910204999999999940e-09 2.648899999999994179e+02
-3.808193000000000396e-09 2.662799999999988358e+02
-3.510281999999999811e-09 2.676699999999982538e+02
-4.457450000000000153e-09 2.690699999999997090e+02
-3.859011000000000210e-09 2.704499999999970896e+02
-4.244209000000000269e-09 2.718499999999985448e+02
-4.378448999999999590e-09 2.732500000000000000e+02
-3.696472999999999876e-09 2.746499999999978172e+02
-3.935197999999999587e-09 2.760499999999992724e+02
-4.507879000000000042e-09 2.774499999999970896e+02
-4.960537999999999688e-09 2.788400000000001455e+02
-4.377901000000000266e-09 2.802199999999975262e+02
-4.511943000000000163e-09 2.816299999999973807e+02
-4.027529999999999636e-09 2.830199999999967986e+02
-4.135103000000000046e-09 2.844099999999998545e+02
-4.068256000000000142e-09 2.857899999999972351e+02
-4.009435000000000227e-09 2.871899999999986903e+02
-4.481772000000000144e-09 2.885900000000001455e+02
-4.433222999999999840e-09 2.899799999999995634e+02
-4.637924999999999988e-09 2.913799999999973807e+02
-4.563073000000000172e-09 2.927699999999967986e+02
-4.979965999999999675e-09 2.941699999999982538e+02
-4.405135999999999914e-09 2.955499999999992724e+02
-4.329221000000000388e-09 2.969499999999970896e+02
-4.413552000000000146e-09 2.983499999999985448e+02
-4.708385000000000176e-09 2.997399999999979627e+02
-4.241129000000000317e-09 3.011299999999973807e+02
-4.154853999999999599e-09 3.025199999999967986e+02
-4.740341999999999594e-09 3.041299999999973807e+02
-4.126873999999999867e-09 3.055099999999983993e+02
-4.745022000000000037e-09 3.069099999999998545e+02
-4.702559000000000035e-09 3.083099999999976717e+02
-4.213137000000000068e-09 3.096899999999986903e+02
-4.747420000000000135e-09 3.110900000000001455e+02
-4.139084000000000180e-09 3.124699999999975262e+02
-4.417821999999999760e-09 3.138499999999985448e+02
-4.457362000000000225e-09 3.152399999999979627e+02
-4.661973999999999808e-09 3.166399999999994179e+02
-4.534729999999999704e-09 3.180399999999972351e+02
-4.899220999999999868e-09 3.194399999999986903e+02
-4.777221999999999987e-09 3.208299999999981083e+02
-4.297560000000000202e-09 3.222199999999975262e+02
-4.579673000000000301e-09 3.236199999999989814e+02
-4.336839999999999677e-09 3.250000000000000000e+02
-4.105358000000000166e-09 3.263999999999978172e+02
-4.771101999999999599e-09 3.278099999999976717e+02
-4.069139999999999868e-09 3.291999999999970896e+02
-4.395362000000000233e-09 3.305900000000001455e+02
-4.489466000000000180e-09 3.319699999999975262e+02
-4.634039000000000359e-09 3.333699999999989814e+02
-4.506408999999999632e-09 3.347599999999983993e+02
-4.645087000000000009e-09 3.361499999999978172e+02
-4.135140999999999752e-09 3.375399999999972351e+02
-4.759811000000000243e-09 3.389300000000002910e+02
-4.581001999999999604e-09 3.403099999999976717e+02
-4.604789000000000279e-09 3.416999999999970896e+02
-4.643948000000000061e-09 3.430900000000001455e+02
-4.446991999999999981e-09 3.444799999999995634e+02
-4.544948000000000299e-09 3.458699999999989814e+02
-4.551713000000000327e-09 3.472500000000000000e+02
-4.842765999999999777e-09 3.486499999999978172e+02
-4.324072000000000162e-09 3.500299999999988358e+02
-4.571413000000000166e-09 3.514300000000002910e+02
-4.362780999999999598e-09 3.528299999999981083e+02
-5.008405999999999631e-09 3.542299999999995634e+02
-4.395017000000000272e-09 3.556199999999989814e+02
-4.274883999999999649e-09 3.570099999999983993e+02
-4.337470999999999817e-09 3.583999999999978172e+02
-4.461958000000000361e-09 3.597899999999972351e+02
-4.585802999999999741e-09 3.611800000000002910e+02
-4.842194000000000247e-09 3.625599999999976717e+02
-4.360437999999999661e-09 3.639599999999991269e+02
-4.554014999999999602e-09 3.653400000000001455e+02
-4.626993000000000092e-09 3.667299999999995634e+02
-4.459713000000000231e-09 3.681099999999969441e+02
-5.130937000000000353e-09 3.695000000000000000e+02
-4.773829000000000349e-09 3.708799999999973807e+02
-4.256901000000000374e-09 3.722899999999972351e+02
-4.354365000000000193e-09 3.736899999999986903e+02
-4.418127000000000205e-09 3.750799999999981083e+02
-4.959735000000000141e-09 3.764799999999995634e+02
-4.836153999999999717e-09 3.778599999999969441e+02
-5.146978999999999624e-09 3.792500000000000000e+02
-4.210177999999999810e-09 3.806499999999978172e+02
-4.756186999999999760e-09 3.820399999999972351e+02
-4.530689999999999789e-09 3.834399999999986903e+02
-4.685013000000000270e-09 3.848299999999981083e+02
-4.433357000000000369e-09 3.862299999999995634e+02
-4.815908000000000364e-09 3.876199999999989814e+02
-4.394749000000000041e-09 3.890099999999983993e+02
-5.060036000000000206e-09 3.903999999999978172e+02
-4.615560000000000138e-09 3.918099999999976717e+02
-4.805162000000000203e-09 3.932199999999975262e+02
-4.382971000000000125e-09 3.946099999999969441e+02
-4.632139000000000190e-09 3.960099999999983993e+02
-4.709763999999999702e-09 3.973999999999978172e+02
-4.535036999999999960e-09 3.987999999999992724e+02
-4.653342999999999696e-09 4.001999999999970896e+02
-4.618262999999999854e-09 4.015999999999985448e+02
-4.375871000000000015e-09 4.030099999999983993e+02
-5.148527000000000082e-09 4.043999999999978172e+02
-4.592647999999999628e-09 4.058099999999976717e+02
-5.021222000000000386e-09 4.072099999999991269e+02
-4.983587000000000029e-09 4.086199999999989814e+02
-4.828384000000000270e-09 4.100199999999967986e+02
-4.550753999999999855e-09 4.114099999999998545e+02
-4.648004999999999605e-09 4.128099999999976717e+02
-4.265430999999999723e-09 4.142199999999975262e+02
-5.231051000000000365e-09 4.156199999999989814e+02
-4.671688000000000215e-09 4.170099999999983993e+02
