-2.370683000000000157e-10 0.000000000000000000e+00
-2.754278000000000216e-10 2.000000000000000000e+00
-2.620087000000000074e-10 3.000000000000000000e+00
-2.694533999999999827e-10 4.000000000000000000e+00
-2.679368000000000213e-10 6.000000000000000000e+00
-2.565145000000000141e-10 7.000000000000000000e+00
-2.639296999999999949e-10 8.000000000000000000e+00
-2.580320999999999841e-10 1.000000000000000000e+01
-2.727639999999999796e-10 1.100000000000000000e+01
-2.662613000000000202e-10 1.200000000000000000e+01
-2.773756000000000218e-10 1.400000000000000000e+01
-2.535999999999999825e-10 1.500000000000000000e+01
-2.721395999999999791e-10 1.700000000000000000e+01
-2.647932000000000095e-10 1.800000000000000000e+01
-2.778138999999999975e-10 1.900000000000000000e+01
-2.648999999999999848e-10 2.100000000000000000e+01
-2.682011000000000035e-10 2.200000000000000000e+01
-2.435377000000000099e-10 2.400000000000000000e+01
-2.827034000000000145e-10 2.500000000000000000e+01
-2.844848999999999944e-10 2.600000000000000000e+01
-2.637556000000000213e-10 2.800000000000000000e+01
-2.801774000000000069e-10 2.900000000000000000e+01
-2.692161000000000253e-10 3.000000000000000000e+01
-2.649912999999999822e-10 3.200000000000000000e+01
-2.612773000000000196e-10 3.300000000000000000e+01
-2.822548999999999928e-10 3.500000000000000000e+01
-2.740424000000000069e-10 3.600000000000000000e+01
-2.668620999999999940e-10 3.700000000000000000e+01
-2.476553000000000019e-10 3.900000000000000000e+01
-2.598723000000000126e-10 4.000000000000000000e+01
-2.639758000000000078e-10 4.100000000000000000e+01
-2.826471000000000072e-10 4.300000000000000000e+01
-2.848460000000000212e-10 4.400000000000000000e+01
-2.720151999999999769e-10 4.600000000000000000e+01
-2.758963999999999883e-10 4.700000000000000000e+01
-2.818696999999999867e-10 4.900000000000000000e+01
-2.726798000000000224e-10 5.000000000000000000e+01
-2.812048999999999809e-10 5.100000000000000000e+01
-2.615943999999999792e-10 5.300000000000000000e+01
-2.685044999999999903e-10 5.400000000000000000e+01
-2.757254000000000206e-10 5.500000000000000000e+01
-2.703987999999999969e-10 5.700000000000000000e+01
-2.761026000000000098e-10 5.800000000000000000e+01
-2.520652999999999898e-10 5.900000000000000000e+01
-2.641140000000000146e-10 6.100000000000000000e+01
-2.572711000000000216e-10 6.200000000000000000e+01
-2.796414000000000100e-10 6.400000000000000000e+01
-2.766654000000000195e-10 6.500000000000000000e+01
-2.675970000000000118e-10 6.600000000000000000e+01
-2.595111000000000056e-10 6.800000000000000000e+01
