-3.954508000000000010e-08 3.899999999994179234e-01
-4.005215999999999831e-08 1.790000000000873115e+00
-3.948549000000000320e-08 3.190000000000509317e+00
-3.961149000000000049e-08 4.579999999999927240e+00
-3.997765999999999986e-08 5.960000000000945874e+00
-3.885723999999999888e-08 7.350000000000363798e+00
-4.024220999999999808e-08 8.739999999999781721e+00
-3.931092000000000139e-08 1.013000000000101863e+01
-3.892654999999999727e-08 1.152000000000043656e+01
-3.995259000000000213e-08 1.289999999999963620e+01
-3.913472999999999934e-08 1.429000000000087311e+01
-3.987352000000000274e-08 1.568000000000029104e+01
-3.824159999999999748e-08 1.706999999999970896e+01
-3.959310000000000134e-08 1.846999999999934516e+01
-3.984420000000000020e-08 1.985000000000036380e+01
-4.125131999999999937e-08 2.123999999999978172e+01
-3.979106999999999792e-08 2.263000000000101863e+01
-4.002244999999999718e-08 2.404000000000087311e+01
-4.104095000000000064e-08 2.542000000000007276e+01
-3.954602999999999853e-08 2.681999999999970896e+01
-3.931142000000000196e-08 2.821999999999934516e+01
-4.142477999999999806e-08 2.961000000000058208e+01
-4.136226999999999680e-08 3.100000000000000000e+01
-3.971488999999999995e-08 3.238999999999941792e+01
-3.939323999999999786e-08 3.379000000000087311e+01
-4.078094000000000042e-08 3.518000000000029104e+01
-3.959445999999999812e-08 3.656999999999970896e+01
-4.021310000000000292e-08 3.796000000000094587e+01
-3.984180000000000277e-08 3.936000000000058208e+01
-3.954834999999999692e-08 4.073999999999978172e+01
-4.067478000000000127e-08 4.213000000000101863e+01
-4.046518999999999972e-08 4.352000000000043656e+01
-4.021480000000000220e-08 4.490999999999985448e+01
-4.075026999999999767e-08 4.629999999999927240e+01
-3.967595000000000132e-08 4.768000000000029104e+01
-3.975679999999999903e-08 4.906000000000130967e+01
-3.995388000000000307e-08 5.047000000000116415e+01
-3.876697999999999924e-08 5.186999999999898137e+01
-3.907925000000000234e-08 5.325999999999839929e+01
-3.928072000000000288e-08 5.465000000000145519e+01
-3.832961999999999776e-08 5.604000000000087311e+01
-3.932720000000000291e-08 5.743999999999869033e+01
-3.895571999999999832e-08 5.883000000000174623e+01
-3.532685999999999768e-08 6.022999999999956344e+01
-3.489332000000000292e-08 6.161999999999898137e+01
-3.830703000000000311e-08 6.300000000000000000e+01
-4.092871000000000228e-08 6.438999999999941792e+01
-4.191679999999999984e-08 6.577999999999883585e+01
-4.383544999999999962e-08 6.717000000000189175e+01
-4.321166000000000089e-08 6.854999999999927240e+01
-4.193223999999999829e-08 6.995000000000072760e+01
-4.267686000000000063e-08 7.134000000000014552e+01
-4.299203000000000172e-08 7.272999999999956344e+01
-4.160658000000000171e-08 7.413000000000101863e+01
-4.266196000000000226e-08 7.552000000000043656e+01
-4.112638999999999905e-08 7.690999999999985448e+01
-4.278224999999999916e-08 7.829999999999927240e+01
-4.164997000000000274e-08 7.970000000000072760e+01
-4.365381000000000065e-08 8.109999999999854481e+01
-4.116049999999999988e-08 8.250000000000000000e+01
-4.281570000000000136e-08 8.388000000000101863e+01
-4.118494000000000192e-08 8.527000000000043656e+01
-4.448755000000000319e-08 8.665999999999985448e+01
-4.341570000000000012e-08 8.804000000000087311e+01
-4.398339000000000273e-08 8.943000000000029104e+01
-4.167855999999999757e-08 9.081000000000130967e+01
-4.175474999999999873e-08 9.220999999999912689e+01
-4.374891999999999785e-08 9.361000000000058208e+01
-4.340256999999999687e-08 9.500000000000000000e+01
-4.303575000000000206e-08 9.638000000000101863e+01
-4.130584999999999794e-08 9.777000000000043656e+01
-4.266773999999999849e-08 9.915999999999985448e+01
-4.363629000000000090e-08 1.005499999999992724e+02
-4.371920000000000015e-08 1.019500000000007276e+02
-4.214466999999999856e-08 1.033499999999985448e+02
-4.263865000000000309e-08 1.047500000000000000e+02
-4.340039999999999997e-08 1.061500000000014552e+02
-4.339592000000000124e-08 1.075400000000008731e+02
-4.303261999999999693e-08 1.089200000000018917e+02
-4.230347000000000260e-08 1.103100000000013097e+02
-4.254199000000000149e-08 1.117000000000007276e+02
-4.407587999999999855e-08 1.130900000000001455e+02
-4.296434000000000262e-08 1.144799999999995634e+02
-4.347852999999999751e-08 1.158800000000010186e+02
-4.429969000000000008e-08 1.172799999999988358e+02
-4.320581000000000220e-08 1.186599999999998545e+02
-4.180178999999999860e-08 1.200499999999992724e+02
-4.346972999999999812e-08 1.214399999999986903e+02
-4.650543999999999983e-08 1.228400000000001455e+02
-4.554384000000000265e-08 1.242299999999995634e+02
-4.495697999999999709e-08 1.256300000000010186e+02
-4.647194000000000155e-08 1.270099999999983993e+02
-4.522678999999999784e-08 1.284099999999998545e+02
-4.646445000000000285e-08 1.298100000000013097e+02
-4.548330999999999728e-08 1.312000000000007276e+02
-4.566515000000000045e-08 1.325999999999985448e+02
-4.662296999999999704e-08 1.339900000000016007e+02
-4.746000999999999936e-08 1.353800000000010186e+02
-4.730285000000000194e-08 1.367700000000004366e+02
-4.925719000000000328e-08 1.381599999999998545e+02
-4.802095000000000094e-08 1.395600000000013097e+02
-4.519815000000000030e-08 1.409500000000007276e+02
-4.948732000000000112e-08 1.423300000000017462e+02
-4.632403000000000138e-08 1.437200000000011642e+02
-4.900631999999999833e-08 1.450999999999985448e+02
-4.658772999999999997e-08 1.465000000000000000e+02
-4.821511999999999718e-08 1.479000000000014552e+02
-5.081707000000000017e-08 1.493199999999997090e+02
-5.082459999999999838e-08 1.507200000000011642e+02
-4.929513999999999734e-08 1.521100000000005821e+02
-4.993991000000000027e-08 1.534900000000016007e+02
-4.818894999999999953e-08 1.548800000000010186e+02
-4.798741000000000314e-08 1.562700000000004366e+02
-4.405851999999999687e-08 1.576800000000002910e+02
-4.235732000000000278e-08 1.590800000000017462e+02
-4.379168000000000320e-08 1.604799999999995634e+02
-4.537864000000000327e-08 1.618699999999989814e+02
-4.575629000000000268e-08 1.632700000000004366e+02
-4.419461999999999767e-08 1.646599999999998545e+02
-4.343927000000000275e-08 1.660499999999992724e+02
-3.620333000000000261e-08 1.674500000000007276e+02
-3.487793000000000055e-08 1.688400000000001455e+02
-3.228839999999999947e-08 1.702299999999995634e+02
-3.053625999999999977e-08 1.716300000000010186e+02
-2.557263000000000126e-08 1.730200000000004366e+02
-2.454166999999999969e-08 1.744300000000002910e+02
-2.551875000000000145e-08 1.758199999999997090e+02
-2.492478999999999908e-08 1.772099999999991269e+02
-2.489060999999999910e-08 1.785900000000001455e+02
-2.650616000000000062e-08 1.799700000000011642e+02
-2.614606000000000060e-08 1.813699999999989814e+02
-2.493929999999999886e-08 1.827599999999983993e+02
-2.488160999999999883e-08 1.841500000000014552e+02
-2.640772000000000070e-08 1.855499999999992724e+02
-2.564962999999999924e-08 1.869399999999986903e+02
-2.557816000000000052e-08 1.883400000000001455e+02
-2.470570999999999988e-08 1.897200000000011642e+02
-2.583458000000000117e-08 1.911100000000005821e+02
-1.715980999999999846e-08 1.925000000000000000e+02
-1.692465999999999850e-08 1.943100000000013097e+02
-1.788820999999999855e-08 1.957000000000007276e+02
-2.089033999999999964e-08 1.970999999999985448e+02
-2.026851000000000035e-08 1.984900000000016007e+02
-2.071875000000000148e-08 1.998899999999994179e+02
-2.015705999999999905e-08 2.012799999999988358e+02
-2.202196000000000074e-08 2.034399999999986903e+02
-2.124696999999999865e-08 2.048199999999997090e+02
-2.092924999999999863e-08 2.062200000000011642e+02
-2.151277000000000160e-08 2.076100000000005821e+02
-2.081739999999999886e-08 2.090000000000000000e+02
-2.185489000000000082e-08 2.103800000000010186e+02
-2.105280999999999898e-08 2.117700000000004366e+02
-2.092787999999999867e-08 2.131599999999998545e+02
-2.101967999999999953e-08 2.145499999999992724e+02
-2.183699999999999893e-08 2.159500000000007276e+02
-2.185041999999999867e-08 2.173400000000001455e+02
-2.177784000000000014e-08 2.187299999999995634e+02
-2.033459000000000143e-08 2.201100000000005821e+02
-2.086230000000000146e-08 2.215200000000004366e+02
-2.051571000000000008e-08 2.229000000000014552e+02
-2.118651999999999892e-08 2.242900000000008731e+02
-2.296256000000000058e-08 2.257000000000007276e+02
-2.369154000000000027e-08 2.270900000000001455e+02
-2.330421999999999875e-08 2.284900000000016007e+02
-2.388603999999999913e-08 2.298899999999994179e+02
-2.422242000000000164e-08 2.312700000000004366e+02
-2.383694000000000103e-08 2.326599999999998545e+02
-2.914592999999999925e-08 2.340499999999992724e+02
-2.917110999999999895e-08 2.354500000000007276e+02
-2.951807999999999905e-08 2.368400000000001455e+02
-3.037003999999999949e-08 2.382299999999995634e+02
-2.952787999999999957e-08 2.396399999999994179e+02
-3.127243000000000179e-08 2.410400000000008731e+02
-2.972822000000000056e-08 2.424399999999986903e+02
-2.942568999999999871e-08 2.438300000000017462e+02
-3.007585999999999916e-08 2.452299999999995634e+02
-3.077170999999999940e-08 2.466100000000005821e+02
-3.064031999999999785e-08 2.480000000000000000e+02
-3.234506999999999861e-08 2.493899999999994179e+02
-2.998534999999999924e-08 2.507799999999988358e+02
-3.056996000000000225e-08 2.521700000000018917e+02
-3.128885000000000161e-08 2.535699999999997090e+02
-3.088131000000000324e-08 2.549799999999995634e+02
-2.974440999999999986e-08 2.563800000000010186e+02
-3.113201000000000032e-08 2.577799999999988358e+02
-3.072547000000000309e-08 2.591700000000018917e+02
-2.927097000000000154e-08 2.605600000000013097e+02
-3.076013000000000057e-08 2.619300000000002910e+02
-3.019484000000000199e-08 2.633199999999997090e+02
-3.079310000000000195e-08 2.647099999999991269e+02
-3.131368999999999881e-08 2.660999999999985448e+02
-2.946587999999999875e-08 2.675000000000000000e+02
-3.209885000000000026e-08 2.689000000000014552e+02
-3.093362000000000221e-08 2.702799999999988358e+02
-3.123824000000000193e-08 2.716700000000018917e+02
-3.141835999999999944e-08 2.730499999999992724e+02
-3.142316000000000091e-08 2.744500000000007276e+02
-3.116618999999999699e-08 2.758400000000001455e+02
-3.081830999999999798e-08 2.772400000000016007e+02
-3.039460000000000007e-08 2.786199999999989814e+02
-3.233555999999999789e-08 2.800099999999983993e+02
-3.084547000000000019e-08 2.814000000000014552e+02
-3.016798000000000277e-08 2.827900000000008731e+02
-2.920224999999999932e-08 2.841700000000018917e+02
-3.235772999999999761e-08 2.855600000000013097e+02
-3.170071000000000064e-08 2.869399999999986903e+02
-3.040530999999999951e-08 2.883400000000001455e+02
-3.241452000000000192e-08 2.897200000000011642e+02
-3.173681999999999712e-08 2.911100000000005821e+02
-2.985881000000000186e-08 2.925000000000000000e+02
-3.130890000000000052e-08 2.939000000000014552e+02
-3.219279999999999827e-08 2.952900000000008731e+02
-3.042653000000000081e-08 2.966800000000002910e+02
-3.188767000000000141e-08 2.980699999999997090e+02
-2.950119000000000160e-08 2.994700000000011642e+02
-3.090563000000000012e-08 3.008699999999989814e+02
-2.991214000000000172e-08 3.022500000000000000e+02
-3.154751000000000163e-08 3.036399999999994179e+02
-3.047526999999999996e-08 3.050299999999988358e+02
-3.159218999999999697e-08 3.064200000000018917e+02
-3.062885999999999756e-08 3.077999999999992724e+02
-3.080283000000000002e-08 3.091899999999986903e+02
-3.139647000000000294e-08 3.105800000000017462e+02
-3.066352999999999823e-08 3.119700000000011642e+02
-3.190044000000000239e-08 3.133600000000005821e+02
-3.150481000000000218e-08 3.147700000000004366e+02
-3.222476999999999852e-08 3.161700000000018917e+02
-3.090618999999999996e-08 3.175499999999992724e+02
-3.279421999999999969e-08 3.189399999999986903e+02
-3.235243999999999876e-08 3.203300000000017462e+02
-3.297601000000000016e-08 3.217299999999995634e+02
-3.254904999999999856e-08 3.231399999999994179e+02
-2.798471999999999888e-08 3.245400000000008731e+02
-2.726228999999999934e-08 3.259300000000002910e+02
-2.891673000000000009e-08 3.273100000000013097e+02
-2.747439000000000029e-08 3.287099999999991269e+02
-2.961852000000000124e-08 3.301100000000005821e+02
-2.857218000000000049e-08 3.314900000000016007e+02
-3.018348999999999706e-08 3.328800000000010186e+02
-2.737674000000000073e-08 3.342700000000004366e+02
-2.749067999999999838e-08 3.356599999999998545e+02
-2.771193000000000110e-08 3.370400000000008731e+02
-2.916689000000000039e-08 3.384300000000002910e+02
-2.936275999999999922e-08 3.398100000000013097e+02
-2.907943999999999983e-08 3.412000000000007276e+02
-2.854636999999999848e-08 3.425999999999985448e+02
-2.844654999999999872e-08 3.439900000000016007e+02
-2.880426000000000120e-08 3.453899999999994179e+02
-2.755621999999999937e-08 3.467799999999988358e+02
-2.951213000000000157e-08 3.481700000000018917e+02
-2.853246000000000137e-08 3.495499999999992724e+02
-2.932966999999999928e-08 3.509500000000007276e+02
-2.816378999999999917e-08 3.523400000000001455e+02
-2.878605999999999975e-08 3.537400000000016007e+02
-2.964318000000000061e-08 3.551199999999989814e+02
-2.873797999999999923e-08 3.565099999999983993e+02
-2.790421000000000036e-08 3.579000000000014552e+02
-2.917325999999999941e-08 3.592900000000008731e+02
-2.839891999999999937e-08 3.606700000000018917e+02
-2.862818000000000112e-08 3.620699999999997090e+02
-2.976016000000000117e-08 3.634700000000011642e+02
-2.887052000000000010e-08 3.648699999999989814e+02
-2.821912000000000129e-08 3.663199999999997090e+02
-3.080369000000000284e-08 3.677099999999991269e+02
-2.939202999999999906e-08 3.691100000000005821e+02
-2.858825000000000124e-08 3.705099999999983993e+02
-2.959252000000000153e-08 3.719000000000014552e+02
-2.994237000000000317e-08 3.732999999999992724e+02
-3.014346000000000170e-08 3.747000000000007276e+02
-2.978690999999999842e-08 3.760900000000001455e+02
-3.056145000000000265e-08 3.774900000000016007e+02
-2.900176000000000015e-08 3.788800000000010186e+02
-3.167302000000000154e-08 3.802799999999988358e+02
-3.044304000000000285e-08 3.816700000000018917e+02
-3.012330999999999738e-08 3.830699999999997090e+02
-2.996140000000000120e-08 3.844599999999991269e+02
-3.075835999999999882e-08 3.858499999999985448e+02
-3.144459000000000298e-08 3.872400000000016007e+02
-3.506763000000000125e-08 3.886300000000010186e+02
-3.707735000000000080e-08 3.900200000000004366e+02
-4.035125000000000208e-08 3.914099999999998545e+02
-3.978211999999999704e-08 3.927900000000008731e+02
-4.080965000000000041e-08 3.941899999999986903e+02
-4.272201999999999678e-08 3.955699999999997090e+02
-4.155173000000000040e-08 3.969599999999991269e+02
-4.449400000000000124e-08 3.983499999999985448e+02
-4.567352000000000173e-08 3.997400000000016007e+02
-4.378547999999999881e-08 4.011399999999994179e+02
-4.623443000000000037e-08 4.025299999999988358e+02
-4.651948000000000199e-08 4.039300000000002910e+02
-4.602115000000000046e-08 4.053100000000013097e+02
-4.784969000000000209e-08 4.067000000000007276e+02
-4.686365000000000288e-08 4.080900000000001455e+02
-4.786837999999999761e-08 4.094799999999995634e+02
-4.846576000000000160e-08 4.108800000000010186e+02
-4.702102999999999763e-08 4.122799999999988358e+02
-4.756512000000000128e-08 4.136800000000002910e+02
-4.886021999999999943e-08 4.150800000000017462e+02
-4.865338000000000100e-08 4.164599999999991269e+02
-4.699186000000000320e-08 4.178400000000001455e+02
