-4.767512000000000028e-10 1.000000000000000000e+00
-4.719251999999999618e-10 2.000000000000000000e+00
-4.696918000000000137e-10 3.000000000000000000e+00
-4.724084000000000331e-10 5.000000000000000000e+00
-4.679921000000000015e-10 6.000000000000000000e+00
-4.709578000000000174e-10 8.000000000000000000e+00
-4.752969999999999770e-10 9.000000000000000000e+00
-4.748454999999999812e-10 1.000000000000000000e+01
-4.756255999999999835e-10 1.200000000000000000e+01
-4.623711000000000165e-10 1.300000000000000000e+01
-4.720117000000000317e-10 1.500000000000000000e+01
-4.634368000000000183e-10 1.600000000000000000e+01
-4.791723999999999489e-10 1.700000000000000000e+01
-4.659922000000000403e-10 1.800000000000000000e+01
-4.728519999999999921e-10 2.000000000000000000e+01
-4.658164000000000418e-10 2.100000000000000000e+01
-4.680419999999999850e-10 2.300000000000000000e+01
-4.693214999999999494e-10 2.400000000000000000e+01
-4.643255999999999811e-10 2.600000000000000000e+01
-4.718171999999999659e-10 2.700000000000000000e+01
-4.655057000000000027e-10 2.800000000000000000e+01
-4.796968000000000221e-10 3.000000000000000000e+01
-4.717557000000000070e-10 3.100000000000000000e+01
-4.612822999999999923e-10 3.200000000000000000e+01
-4.642788000000000036e-10 3.400000000000000000e+01
-4.826976999999999884e-10 3.500000000000000000e+01
-4.628302000000000051e-10 3.600000000000000000e+01
-4.621760999999999980e-10 3.800000000000000000e+01
-4.675748999999999794e-10 3.900000000000000000e+01
-4.632402000000000068e-10 4.100000000000000000e+01
