-8.753745000000000360e-10 0.000000000000000000e+00
-8.184958000000000223e-10 1.000000000000000000e+00
-8.534116000000000477e-10 3.000000000000000000e+00
-8.145818000000000501e-10 4.000000000000000000e+00
-8.653913000000000492e-10 5.000000000000000000e+00
-8.206453000000000054e-10 7.000000000000000000e+00
-8.569248999999999842e-10 8.000000000000000000e+00
-8.295358000000000173e-10 1.000000000000000000e+01
-8.438055000000000181e-10 1.100000000000000000e+01
-8.566695999999999758e-10 1.200000000000000000e+01
-8.255974999999999503e-10 1.400000000000000000e+01
-8.361883999999999907e-10 1.500000000000000000e+01
-8.346255999999999845e-10 1.700000000000000000e+01
-8.631392000000000338e-10 1.800000000000000000e+01
-8.425038000000000080e-10 1.900000000000000000e+01
-8.986497000000000013e-10 2.100000000000000000e+01
-8.982700000000000424e-10 2.200000000000000000e+01
-8.307866000000000353e-10 2.400000000000000000e+01
-8.391231999999999794e-10 2.500000000000000000e+01
-7.924080000000000413e-10 2.600000000000000000e+01
-8.475539999999999665e-10 2.800000000000000000e+01
-8.727092000000000328e-10 2.900000000000000000e+01
-8.499737999999999833e-10 3.100000000000000000e+01
-8.456765000000000420e-10 3.200000000000000000e+01
-8.684604000000000423e-10 3.300000000000000000e+01
-8.583620000000000392e-10 3.400000000000000000e+01
-8.158461000000000288e-10 3.600000000000000000e+01
-8.512296000000000442e-10 3.700000000000000000e+01
-8.360672999999999548e-10 3.900000000000000000e+01
-8.457196999999999576e-10 4.000000000000000000e+01
