-2.882931999999999904e-09 0.000000000000000000e+00
-2.912111000000000099e-09 2.000000000000000000e+00
-2.978356000000000008e-09 3.000000000000000000e+00
-2.999725999999999904e-09 5.000000000000000000e+00
-2.983865000000000015e-09 6.000000000000000000e+00
-3.004257999999999905e-09 7.000000000000000000e+00
-3.028065999999999829e-09 9.000000000000000000e+00
-3.015615999999999939e-09 1.000000000000000000e+01
-2.914642999999999899e-09 1.100000000000000000e+01
-3.091561999999999834e-09 1.300000000000000000e+01
-3.004727000000000102e-09 1.400000000000000000e+01
-2.961711000000000010e-09 1.600000000000000000e+01
-3.025273999999999866e-09 1.700000000000000000e+01
-2.962754999999999867e-09 1.800000000000000000e+01
-3.016984000000000094e-09 2.000000000000000000e+01
-3.100178000000000128e-09 2.100000000000000000e+01
-3.047850999999999880e-09 2.200000000000000000e+01
-2.990940000000000013e-09 2.400000000000000000e+01
-2.927399000000000139e-09 2.500000000000000000e+01
-2.952437999999999974e-09 2.700000000000000000e+01
-2.958959999999999882e-09 2.800000000000000000e+01
-2.944076999999999903e-09 2.900000000000000000e+01
-2.984858000000000158e-09 3.100000000000000000e+01
-3.037583999999999796e-09 3.200000000000000000e+01
-3.031607999999999815e-09 3.400000000000000000e+01
-2.932800000000000047e-09 3.500000000000000000e+01
-2.950656000000000197e-09 3.600000000000000000e+01
-3.064940999999999870e-09 3.800000000000000000e+01
-3.040143999999999836e-09 3.900000000000000000e+01
-3.022673999999999896e-09 4.000000000000000000e+01
-3.176155999999999883e-09 4.200000000000000000e+01
-3.108524999999999872e-09 4.300000000000000000e+01
-2.959609999999999874e-09 4.500000000000000000e+01
-2.979049999999999965e-09 4.600000000000000000e+01
-2.983872000000000178e-09 4.700000000000000000e+01
-3.029881000000000200e-09 4.900000000000000000e+01
-3.107207999999999844e-09 5.000000000000000000e+01
-2.926013999999999942e-09 5.100000000000000000e+01
-2.975852999999999939e-09 5.300000000000000000e+01
-3.027004999999999930e-09 5.400000000000000000e+01
-3.206414999999999830e-09 5.600000000000000000e+01
-2.960607999999999957e-09 5.700000000000000000e+01
-3.057989000000000202e-09 5.800000000000000000e+01
-3.074925999999999810e-09 6.000000000000000000e+01
-2.983114999999999991e-09 6.100000000000000000e+01
-3.033220999999999901e-09 6.200000000000000000e+01
-2.866814999999999886e-09 6.400000000000000000e+01
-2.943704000000000116e-09 6.500000000000000000e+01
-3.092419000000000051e-09 6.700000000000000000e+01
-3.119494999999999886e-09 6.800000000000000000e+01
