-6.276560000000000502e-10 0.000000000000000000e+00
-6.041607000000000269e-10 1.000000000000000000e+00
-6.942918000000000446e-10 2.000000000000000000e+00
-6.307247000000000192e-10 4.000000000000000000e+00
-6.124978999999999555e-10 5.000000000000000000e+00
-6.146866000000000268e-10 7.000000000000000000e+00
-6.639249000000000303e-10 8.000000000000000000e+00
-6.294763999999999709e-10 9.000000000000000000e+00
-6.494800000000000154e-10 1.100000000000000000e+01
-6.387375999999999678e-10 1.200000000000000000e+01
-6.327773000000000292e-10 1.400000000000000000e+01
-6.036063000000000066e-10 1.500000000000000000e+01
-6.937124000000000166e-10 1.600000000000000000e+01
-6.244078000000000407e-10 1.800000000000000000e+01
-6.295460999999999587e-10 1.900000000000000000e+01
-6.458491999999999497e-10 2.100000000000000000e+01
-6.263004999999999508e-10 2.200000000000000000e+01
-6.353368000000000140e-10 2.300000000000000000e+01
-6.288641000000000018e-10 2.500000000000000000e+01
-6.695228999999999731e-10 2.600000000000000000e+01
