-2.800077999999999892e-09 3.899999999994179234e-01
-2.776103999999999991e-09 1.790000000000873115e+00
-2.841974999999999794e-09 3.180000000000291038e+00
-2.900035999999999807e-09 4.549999999999272404e+00
-3.101640999999999960e-09 5.939999999998690328e+00
-2.970788000000000019e-09 7.330000000001746230e+00
-3.042257000000000075e-09 8.729999999999563443e+00
-2.839687999999999924e-09 1.011000000000058208e+01
-2.723862999999999861e-09 1.152000000000043656e+01
-2.821412999999999798e-09 1.290999999999985448e+01
-2.839836999999999858e-09 1.429999999999927240e+01
-3.075124000000000061e-09 1.568999999999869033e+01
-2.927977999999999833e-09 1.708000000000174623e+01
-2.980955000000000073e-09 1.847000000000116415e+01
-2.982258000000000188e-09 1.986000000000058208e+01
-2.704101000000000111e-09 2.124000000000160071e+01
-3.018328999999999948e-09 2.263000000000101863e+01
-2.850726000000000109e-09 2.402000000000043656e+01
-3.234965000000000109e-09 2.540999999999985448e+01
-3.142240000000000101e-09 2.679999999999927240e+01
-2.904548000000000050e-09 2.820000000000072760e+01
-3.005588999999999846e-09 2.959999999999854481e+01
-3.096647999999999831e-09 3.097999999999956344e+01
-2.907440000000000043e-09 3.236999999999898137e+01
-3.236876999999999968e-09 3.375999999999839929e+01
-2.884064000000000102e-09 3.515000000000145519e+01
-2.849518000000000085e-09 3.652999999999883585e+01
-2.824655000000000106e-09 3.793000000000029104e+01
-3.016996000000000197e-09 3.931000000000130967e+01
-2.832951000000000136e-09 4.070000000000072760e+01
-2.989710000000000008e-09 4.209000000000014552e+01
-2.816851000000000161e-09 4.350000000000000000e+01
-2.817093999999999867e-09 4.488999999999941792e+01
-2.981142000000000126e-09 4.629000000000087311e+01
-2.890568000000000063e-09 4.768000000000029104e+01
-2.726063000000000123e-09 4.906999999999970896e+01
-2.801643999999999885e-09 5.045999999999912689e+01
-2.829304000000000180e-09 5.184999999999854481e+01
-2.763795999999999872e-09 5.322999999999956344e+01
-2.878134999999999802e-09 5.463000000000101863e+01
-3.202748000000000116e-09 5.602000000000043656e+01
-3.173393000000000066e-09 5.740999999999985448e+01
-2.790956000000000014e-09 5.879999999999927240e+01
-2.857235999999999913e-09 6.018999999999869033e+01
-3.232827000000000173e-09 6.156999999999970896e+01
-2.668329000000000123e-09 6.297000000000116415e+01
-3.154322000000000143e-09 6.436000000000058208e+01
-2.915144999999999863e-09 6.575999999999839929e+01
-2.586955999999999891e-09 6.715999999999985448e+01
-2.709719000000000122e-09 6.854999999999927240e+01
-2.871551999999999888e-09 6.995000000000072760e+01
-2.934829999999999884e-09 7.134000000000014552e+01
-3.123590999999999869e-09 7.272999999999956344e+01
-3.033550000000000138e-09 7.413000000000101863e+01
-2.780644000000000060e-09 7.550999999999839929e+01
-2.956764999999999974e-09 7.690000000000145519e+01
-2.656285000000000201e-09 7.829999999999927240e+01
-2.885277000000000065e-09 7.970000000000072760e+01
-3.351034000000000197e-09 8.109000000000014552e+01
-3.073502999999999907e-09 8.249000000000160071e+01
-2.924880999999999839e-09 8.388000000000101863e+01
-3.132296999999999901e-09 8.527999999999883585e+01
-3.088002999999999805e-09 8.665999999999985448e+01
-2.859462000000000191e-09 8.804999999999927240e+01
-2.729789999999999938e-09 8.945999999999912689e+01
-2.983289999999999942e-09 9.086000000000058208e+01
-3.062771999999999978e-09 9.225000000000000000e+01
-2.867673999999999914e-09 9.365000000000145519e+01
-2.833698000000000031e-09 9.504999999999927240e+01
-2.803797999999999958e-09 9.643999999999869033e+01
-3.141879000000000003e-09 9.781999999999970896e+01
-3.337441999999999816e-09 9.920999999999912689e+01
-3.086430999999999968e-09 1.005999999999985448e+02
-2.874181000000000003e-09 1.019900000000016007e+02
-3.208736000000000199e-09 1.033800000000010186e+02
-2.886075999999999992e-09 1.047700000000004366e+02
-2.830401999999999880e-09 1.061700000000018917e+02
-3.033251999999999857e-09 1.075499999999992724e+02
-2.880286000000000160e-09 1.089300000000002910e+02
-2.673910999999999825e-09 1.103300000000017462e+02
-2.779886999999999874e-09 1.117200000000011642e+02
-2.866765999999999983e-09 1.131100000000005821e+02
-2.989314999999999825e-09 1.145099999999983993e+02
-2.696831999999999895e-09 1.158899999999994179e+02
-2.880075999999999806e-09 1.172900000000008731e+02
-2.739705999999999803e-09 1.186700000000018917e+02
-2.732545000000000101e-09 1.200499999999992724e+02
-3.062864999999999845e-09 1.214500000000007276e+02
-2.752069000000000084e-09 1.228400000000001455e+02
-3.007546999999999892e-09 1.242200000000011642e+02
-2.777749999999999843e-09 1.256199999999989814e+02
-2.957917999999999835e-09 1.270099999999983993e+02
-2.875224999999999860e-09 1.284000000000014552e+02
-2.745129000000000106e-09 1.297999999999992724e+02
-2.849928999999999992e-09 1.312000000000007276e+02
-3.098562999999999818e-09 1.325999999999985448e+02
-3.044653999999999855e-09 1.340000000000000000e+02
-2.914380999999999927e-09 1.353800000000010186e+02
-3.118805999999999869e-09 1.367700000000004366e+02
-2.762359000000000056e-09 1.381599999999998545e+02
-2.961633999999999867e-09 1.395499999999992724e+02
-3.039569000000000177e-09 1.409300000000002910e+02
-2.783601000000000095e-09 1.423300000000017462e+02
-2.655668999999999879e-09 1.437200000000011642e+02
-2.659248000000000080e-09 1.451199999999989814e+02
-2.650633000000000105e-09 1.465200000000004366e+02
-2.893701999999999858e-09 1.479099999999998545e+02
-2.903343000000000156e-09 1.493100000000013097e+02
-2.865431999999999913e-09 1.507099999999991269e+02
-2.893312000000000028e-09 1.520999999999985448e+02
-2.947919999999999887e-09 1.534799999999995634e+02
-2.925856000000000034e-09 1.548800000000010186e+02
-2.933899999999999970e-09 1.562599999999983993e+02
-2.865675999999999938e-09 1.576500000000014552e+02
-3.114681000000000155e-09 1.590600000000013097e+02
-2.965389999999999828e-09 1.604599999999991269e+02
-2.825856999999999871e-09 1.618600000000005821e+02
-2.862845999999999856e-09 1.632500000000000000e+02
-2.813534999999999839e-09 1.646500000000014552e+02
-2.767047000000000154e-09 1.660299999999988358e+02
-2.877063000000000118e-09 1.674200000000018917e+02
-3.053748999999999812e-09 1.688199999999997090e+02
-2.778100000000000157e-09 1.702099999999991269e+02
-2.617264000000000155e-09 1.715999999999985448e+02
-2.955876999999999801e-09 1.729900000000016007e+02
-2.810449000000000042e-09 1.743699999999989814e+02
-3.025163000000000051e-09 1.757599999999983993e+02
-2.640759999999999885e-09 1.771500000000014552e+02
-2.756932000000000132e-09 1.785499999999992724e+02
-2.810243000000000136e-09 1.799500000000007276e+02
-2.769190999999999935e-09 1.813300000000017462e+02
-3.337034000000000039e-09 1.827200000000011642e+02
-3.085578000000000199e-09 1.841100000000005821e+02
-2.852896999999999811e-09 1.855099999999983993e+02
-2.928216000000000014e-09 1.868899999999994179e+02
-3.018742000000000079e-09 1.882799999999988358e+02
-3.236008000000000061e-09 1.896700000000018917e+02
-3.455055999999999820e-09 1.910600000000013097e+02
-2.737393999999999822e-09 1.924399999999986903e+02
-2.659641000000000039e-09 1.938300000000017462e+02
-3.160233999999999987e-09 1.952200000000011642e+02
-2.805699999999999938e-09 1.965999999999985448e+02
-2.879484000000000104e-09 1.980000000000000000e+02
-2.932442000000000077e-09 1.993800000000010186e+02
-2.632808999999999816e-09 2.007799999999988358e+02
-2.975417999999999827e-09 2.021800000000002910e+02
-2.880641000000000000e-09 2.035699999999997090e+02
-3.010564000000000028e-09 2.049599999999991269e+02
-2.971101000000000119e-09 2.063400000000001455e+02
-2.933088999999999941e-09 2.077400000000016007e+02
-2.815361999999999899e-09 2.091300000000010186e+02
-3.274493000000000058e-09 2.105200000000004366e+02
-3.165722999999999822e-09 2.119000000000014552e+02
-3.049988999999999816e-09 2.132900000000008731e+02
-2.941197000000000013e-09 2.146800000000002910e+02
-2.914084999999999869e-09 2.160800000000017462e+02
-2.958458999999999823e-09 2.174700000000011642e+02
-2.755680000000000145e-09 2.188800000000010186e+02
-2.719140000000000187e-09 2.202500000000000000e+02
-2.965936000000000169e-09 2.216500000000014552e+02
-2.699090000000000034e-09 2.230400000000008731e+02
-2.869940000000000121e-09 2.244200000000018917e+02
-2.979934000000000103e-09 2.258100000000013097e+02
-2.932923999999999870e-09 2.272099999999991269e+02
-3.339028999999999885e-09 2.285999999999985448e+02
-2.726897999999999944e-09 2.299900000000016007e+02
-2.781599000000000085e-09 2.313800000000010186e+02
-3.096031000000000018e-09 2.327700000000004366e+02
-2.755223999999999956e-09 2.341599999999998545e+02
-2.881436999999999797e-09 2.355499999999992724e+02
-2.948537000000000113e-09 2.369399999999986903e+02
-2.805782000000000021e-09 2.383400000000001455e+02
-2.843153000000000180e-09 2.397299999999995634e+02
-2.966613000000000083e-09 2.411199999999989814e+02
-2.885678999999999998e-09 2.425099999999983993e+02
-2.989093000000000195e-09 2.438899999999994179e+02
-2.817681000000000043e-09 2.452900000000008731e+02
-2.959075000000000145e-09 2.466800000000002910e+02
-3.057114000000000037e-09 2.480800000000017462e+02
-2.665025999999999809e-09 2.494799999999995634e+02
-2.983572999999999991e-09 2.508800000000010186e+02
-2.915640999999999982e-09 2.522599999999983993e+02
-3.065248000000000125e-09 2.536599999999998545e+02
-3.101653999999999968e-09 2.550400000000008731e+02
-2.966772999999999801e-09 2.564399999999986903e+02
-2.895450999999999869e-09 2.578300000000017462e+02
-3.037454000000000128e-09 2.592299999999995634e+02
-3.067491999999999937e-09 2.606300000000010186e+02
-2.862112999999999875e-09 2.620200000000004366e+02
-2.735652999999999880e-09 2.634200000000018917e+02
-3.037459999999999973e-09 2.648199999999997090e+02
-2.830870000000000172e-09 2.662099999999991269e+02
-2.914541000000000058e-09 2.675999999999985448e+02
-3.011832000000000152e-09 2.690000000000000000e+02
-2.704763000000000206e-09 2.703899999999994179e+02
-2.732925000000000052e-09 2.717700000000004366e+02
-2.711747000000000148e-09 2.731700000000018917e+02
-2.862786000000000168e-09 2.745600000000013097e+02
-2.738274999999999832e-09 2.759500000000007276e+02
-3.089807999999999883e-09 2.773400000000001455e+02
-2.876841999999999980e-09 2.787299999999995634e+02
-2.879860999999999926e-09 2.801199999999989814e+02
-2.863167999999999930e-09 2.815099999999983993e+02
-2.864429999999999796e-09 2.828899999999994179e+02
-2.922410999999999949e-09 2.842799999999988358e+02
-2.809301000000000120e-09 2.856700000000018917e+02
-2.939609000000000038e-09 2.870699999999997090e+02
-2.858758999999999847e-09 2.884500000000007276e+02
-2.888422000000000058e-09 2.898400000000001455e+02
-2.846050000000000114e-09 2.912299999999995634e+02
-2.928826999999999982e-09 2.926300000000010186e+02
-3.031946000000000027e-09 2.940200000000004366e+02
-2.915672999999999843e-09 2.954000000000014552e+02
-2.937307999999999841e-09 2.967900000000008731e+02
-3.191387999999999857e-09 2.981800000000002910e+02
-2.928664000000000135e-09 2.995699999999997090e+02
-2.865486000000000169e-09 3.009700000000011642e+02
-3.017452999999999878e-09 3.023600000000005821e+02
-2.893098000000000053e-09 3.037700000000004366e+02
-2.997693999999999843e-09 3.051500000000014552e+02
-2.790629000000000001e-09 3.065400000000008731e+02
-3.068958999999999804e-09 3.079200000000018917e+02
-2.676674999999999962e-09 3.092999999999992724e+02
-2.929796999999999824e-09 3.107000000000007276e+02
-2.821354000000000016e-09 3.120900000000001455e+02
-3.162859000000000069e-09 3.134900000000016007e+02
-3.010525999999999908e-09 3.149000000000014552e+02
-3.308839000000000013e-09 3.162900000000008731e+02
-3.173364999999999825e-09 3.176800000000002910e+02
-2.861325000000000146e-09 3.190699999999997090e+02
-2.915601999999999958e-09 3.204500000000007276e+02
-3.189374000000000158e-09 3.218499999999985448e+02
-3.087407999999999974e-09 3.232500000000000000e+02
-3.103911000000000202e-09 3.246399999999994179e+02
-2.661568000000000130e-09 3.260299999999988358e+02
-3.106163999999999987e-09 3.274399999999986903e+02
-2.879777000000000032e-09 3.288300000000017462e+02
-2.932935999999999973e-09 3.302099999999991269e+02
-3.124243999999999991e-09 3.316100000000005821e+02
-2.652470999999999949e-09 3.330000000000000000e+02
-2.958928999999999926e-09 3.343800000000010186e+02
-2.905535999999999840e-09 3.357700000000004366e+02
-2.949490999999999819e-09 3.371500000000014552e+02
-2.896870000000000151e-09 3.385400000000008731e+02
-2.583433000000000171e-09 3.399399999999986903e+02
-2.799405000000000013e-09 3.413300000000017462e+02
-3.203505999999999794e-09 3.427200000000011642e+02
-3.053332999999999965e-09 3.441199999999989814e+02
-3.033679999999999806e-09 3.455200000000004366e+02
-2.858313999999999855e-09 3.469000000000014552e+02
-2.851499000000000019e-09 3.482999999999992724e+02
-2.661326999999999820e-09 3.497000000000007276e+02
-2.949693000000000104e-09 3.510800000000017462e+02
-2.785561999999999857e-09 3.524700000000011642e+02
-2.810915000000000110e-09 3.538600000000005821e+02
-2.804573000000000092e-09 3.552700000000004366e+02
-2.684046999999999924e-09 3.566800000000002910e+02
-2.904955999999999827e-09 3.580699999999997090e+02
-2.971153000000000152e-09 3.594500000000007276e+02
-3.003091000000000130e-09 3.608400000000001455e+02
-3.016522000000000060e-09 3.622299999999995634e+02
-2.699894999999999805e-09 3.636199999999989814e+02
-2.955918999999999954e-09 3.650200000000004366e+02
-2.832506000000000145e-09 3.664099999999998545e+02
-2.844514000000000172e-09 3.677999999999992724e+02
-2.871628000000000126e-09 3.692000000000007276e+02
-2.679719000000000019e-09 3.705900000000001455e+02
-2.632217000000000114e-09 3.719799999999995634e+02
-3.072934000000000092e-09 3.733800000000010186e+02
-2.940218000000000196e-09 3.747700000000004366e+02
-3.216420999999999847e-09 3.761599999999998545e+02
-3.158198999999999797e-09 3.775400000000008731e+02
-2.776964999999999829e-09 3.789399999999986903e+02
-2.850556000000000098e-09 3.803300000000017462e+02
-2.990359000000000096e-09 3.817299999999995634e+02
-2.743402000000000077e-09 3.831300000000010186e+02
-2.891266000000000053e-09 3.845200000000004366e+02
-2.591861999999999998e-09 3.859200000000018917e+02
-2.854674999999999967e-09 3.873199999999997090e+02
-2.825851999999999932e-09 3.887200000000011642e+02
-3.264692000000000042e-09 3.901100000000005821e+02
-3.176761000000000007e-09 3.915000000000000000e+02
-2.925001999999999946e-09 3.928800000000010186e+02
-3.129018000000000206e-09 3.942700000000004366e+02
-2.993926000000000193e-09 3.956700000000018917e+02
-3.097998999999999943e-09 3.970600000000013097e+02
-3.043768999999999811e-09 3.984599999999991269e+02
-2.553062000000000091e-09 3.998499999999985448e+02
-2.816773000000000112e-09 4.012400000000016007e+02
-2.856534999999999794e-09 4.026300000000010186e+02
-2.818639000000000197e-09 4.040299999999988358e+02
-2.957327999999999944e-09 4.054300000000002910e+02
-2.642236000000000139e-09 4.068199999999997090e+02
-3.043532999999999854e-09 4.082200000000011642e+02
-2.838346000000000199e-09 4.096100000000005821e+02
-3.055347999999999984e-09 4.110000000000000000e+02
-2.847586999999999961e-09 4.124000000000014552e+02
-2.941972000000000147e-09 4.137900000000008731e+02
-3.009321999999999920e-09 4.151800000000002910e+02
-2.849809000000000204e-09 4.165699999999997090e+02
