-1.582067000000000054e-07 1.000000000000000000e+00
-1.597054000000000081e-07 2.000000000000000000e+00
-1.601731999999999986e-07 3.000000000000000000e+00
-1.618768000000000033e-07 5.000000000000000000e+00
-1.581539000000000091e-07 6.000000000000000000e+00
-1.621016000000000094e-07 8.000000000000000000e+00
-1.604412000000000113e-07 9.000000000000000000e+00
-1.597515999999999917e-07 1.000000000000000000e+01
-1.605799999999999993e-07 1.200000000000000000e+01
-1.619661000000000013e-07 1.300000000000000000e+01
-1.603635000000000052e-07 1.500000000000000000e+01
-1.609929999999999911e-07 1.600000000000000000e+01
-1.594499999999999885e-07 1.700000000000000000e+01
-1.589967000000000012e-07 1.800000000000000000e+01
-1.635930999999999933e-07 2.000000000000000000e+01
-1.584526999999999932e-07 2.100000000000000000e+01
-1.615397999999999918e-07 2.300000000000000000e+01
-1.590669000000000120e-07 2.400000000000000000e+01
-1.635899000000000056e-07 2.500000000000000000e+01
-1.597216000000000106e-07 2.700000000000000000e+01
-1.604210999999999964e-07 2.800000000000000000e+01
-1.625247999999999969e-07 3.000000000000000000e+01
-1.598339000000000082e-07 3.100000000000000000e+01
-1.616786000000000062e-07 3.200000000000000000e+01
-1.623255999999999987e-07 3.400000000000000000e+01
-1.626437999999999995e-07 3.500000000000000000e+01
-1.623175999999999896e-07 3.700000000000000000e+01
-1.630695000000000031e-07 3.800000000000000000e+01
-1.599544999999999915e-07 3.900000000000000000e+01
-1.609884000000000071e-07 4.100000000000000000e+01
