-4.549120000000000107e-09 1.000000000000000000e+00
-4.811429000000000302e-09 2.000000000000000000e+00
-4.941018999999999644e-09 4.000000000000000000e+00
-3.735906999999999639e-09 5.000000000000000000e+00
-4.310343000000000363e-09 6.000000000000000000e+00
-4.827336999999999871e-09 8.000000000000000000e+00
-4.729170999999999612e-09 9.000000000000000000e+00
-4.788584999999999961e-09 1.000000000000000000e+01
-4.527679999999999817e-09 1.200000000000000000e+01
-5.036461000000000109e-09 1.300000000000000000e+01
-4.674024000000000402e-09 1.500000000000000000e+01
-3.806636999999999870e-09 1.600000000000000000e+01
-4.677451999999999617e-09 1.700000000000000000e+01
-4.830987999999999861e-09 1.900000000000000000e+01
-4.706948000000000360e-09 2.000000000000000000e+01
-4.211142999999999713e-09 2.200000000000000000e+01
-4.341751999999999629e-09 2.300000000000000000e+01
-4.428665000000000237e-09 2.400000000000000000e+01
-4.277919999999999637e-09 2.600000000000000000e+01
-4.592383000000000353e-09 2.700000000000000000e+01
-6.402261999999999992e-09 2.800000000000000000e+01
-4.559412000000000302e-09 3.000000000000000000e+01
-4.366556000000000239e-09 3.100000000000000000e+01
-4.424791999999999789e-09 3.200000000000000000e+01
-4.914830000000000077e-09 3.400000000000000000e+01
-4.544881999999999940e-09 3.500000000000000000e+01
-3.975956999999999860e-09 3.700000000000000000e+01
-4.361563999999999602e-09 3.800000000000000000e+01
-4.081317999999999906e-09 3.900000000000000000e+01
-4.176773999999999871e-09 4.100000000000000000e+01
-4.592274000000000349e-09 4.200000000000000000e+01
-4.722192000000000023e-09 4.400000000000000000e+01
-4.494630999999999717e-09 4.500000000000000000e+01
-4.322199999999999819e-09 4.600000000000000000e+01
-4.612412000000000016e-09 4.800000000000000000e+01
-4.280608999999999854e-09 4.900000000000000000e+01
-4.412818000000000260e-09 5.000000000000000000e+01
-4.333463000000000176e-09 5.200000000000000000e+01
-4.841592000000000252e-09 5.300000000000000000e+01
-4.122874000000000294e-09 5.500000000000000000e+01
-4.067081999999999791e-09 5.600000000000000000e+01
-4.289837000000000021e-09 5.700000000000000000e+01
-4.248719000000000287e-09 5.900000000000000000e+01
-4.019037999999999993e-09 6.000000000000000000e+01
-3.972645000000000399e-09 6.100000000000000000e+01
-4.628550000000000110e-09 6.300000000000000000e+01
-4.128183000000000240e-09 6.400000000000000000e+01
-5.291556999999999742e-09 6.600000000000000000e+01
-4.371136000000000238e-09 6.700000000000000000e+01
-4.511115000000000091e-09 6.900000000000000000e+01
