-2.989661000000000237e-07 0.000000000000000000e+00
-2.986796999999999954e-07 2.000000000000000000e+00
-2.971425999999999810e-07 3.000000000000000000e+00
-2.985323999999999846e-07 4.000000000000000000e+00
-3.002881999999999797e-07 6.000000000000000000e+00
-3.001080999999999952e-07 7.000000000000000000e+00
-2.981182999999999994e-07 9.000000000000000000e+00
-3.018116000000000078e-07 1.000000000000000000e+01
-2.943757999999999777e-07 1.100000000000000000e+01
-2.996943999999999787e-07 1.300000000000000000e+01
-2.943971000000000045e-07 1.400000000000000000e+01
-2.973545000000000174e-07 1.500000000000000000e+01
-3.005870999999999825e-07 1.700000000000000000e+01
-3.012813000000000126e-07 1.800000000000000000e+01
-2.985655999999999799e-07 2.000000000000000000e+01
-2.974168000000000113e-07 2.100000000000000000e+01
-2.993591000000000194e-07 2.200000000000000000e+01
-2.956374000000000106e-07 2.400000000000000000e+01
-2.965092000000000092e-07 2.500000000000000000e+01
-2.954169000000000120e-07 2.700000000000000000e+01
