-7.244121999999999730e-08 0.000000000000000000e+00
-6.786679000000000072e-08 2.000000000000000000e+00
-7.111220000000000596e-08 3.000000000000000000e+00
-7.456290999999999517e-08 4.000000000000000000e+00
-6.833073000000000481e-08 6.000000000000000000e+00
-7.370403999999999563e-08 7.000000000000000000e+00
-7.009718999999999666e-08 9.000000000000000000e+00
-6.877620000000000410e-08 1.000000000000000000e+01
-7.325485000000000166e-08 1.200000000000000000e+01
-7.051918999999999872e-08 1.300000000000000000e+01
-7.102341000000000507e-08 1.400000000000000000e+01
-7.133760000000000479e-08 1.600000000000000000e+01
-6.953298999999999482e-08 1.700000000000000000e+01
-7.242594999999999349e-08 1.800000000000000000e+01
-7.123955000000000346e-08 2.000000000000000000e+01
-7.292611000000000264e-08 2.100000000000000000e+01
-6.892304000000000067e-08 2.200000000000000000e+01
-7.115091000000000406e-08 2.400000000000000000e+01
-6.791121999999999578e-08 2.500000000000000000e+01
-7.170203000000000536e-08 2.600000000000000000e+01
-6.894848999999999379e-08 2.800000000000000000e+01
-7.299789000000000092e-08 2.900000000000000000e+01
-7.092413999999999865e-08 3.100000000000000000e+01
-7.053674999999999798e-08 3.200000000000000000e+01
-7.535721999999999509e-08 3.300000000000000000e+01
-7.377581999999999391e-08 3.500000000000000000e+01
-7.281239999999999891e-08 3.600000000000000000e+01
-7.500550000000000284e-08 3.800000000000000000e+01
-7.216449999999999745e-08 3.900000000000000000e+01
-7.303559999999999789e-08 4.000000000000000000e+01
