-4.122419000000000010e-08 1.000000000000000000e+00
-4.020957999999999920e-08 2.000000000000000000e+00
-3.971438000000000281e-08 3.000000000000000000e+00
-3.966603999999999882e-08 5.000000000000000000e+00
-4.079591999999999782e-08 6.000000000000000000e+00
-3.921315999999999986e-08 8.000000000000000000e+00
-4.050454999999999989e-08 9.000000000000000000e+00
-4.086143000000000248e-08 1.000000000000000000e+01
-3.948241000000000077e-08 1.200000000000000000e+01
-4.139168000000000156e-08 1.300000000000000000e+01
-3.981618000000000178e-08 1.400000000000000000e+01
-4.109480000000000082e-08 1.600000000000000000e+01
-4.018480999999999784e-08 1.700000000000000000e+01
-4.093222999999999938e-08 1.900000000000000000e+01
-4.051967000000000221e-08 2.000000000000000000e+01
-4.088692000000000174e-08 2.100000000000000000e+01
-4.026028999999999767e-08 2.300000000000000000e+01
-4.018661999999999910e-08 2.400000000000000000e+01
-4.099055999999999829e-08 2.600000000000000000e+01
-4.036908999999999796e-08 2.700000000000000000e+01
-4.058383000000000005e-08 2.800000000000000000e+01
-3.983683000000000004e-08 3.000000000000000000e+01
-4.069938000000000137e-08 3.100000000000000000e+01
-3.896335999999999851e-08 3.300000000000000000e+01
-3.957247999999999940e-08 3.400000000000000000e+01
-3.956115000000000085e-08 3.500000000000000000e+01
-4.089093999999999942e-08 3.700000000000000000e+01
-3.938279999999999846e-08 3.800000000000000000e+01
-4.099767999999999816e-08 3.900000000000000000e+01
-4.008717999999999805e-08 4.100000000000000000e+01
-3.915685999999999955e-08 4.200000000000000000e+01
-4.008123000000000057e-08 4.400000000000000000e+01
-4.052363999999999718e-08 4.500000000000000000e+01
-4.056297000000000101e-08 4.600000000000000000e+01
-4.118070000000000029e-08 4.800000000000000000e+01
-4.151663000000000163e-08 4.900000000000000000e+01
-4.157428000000000215e-08 5.100000000000000000e+01
-4.119872000000000060e-08 5.200000000000000000e+01
-3.982523000000000145e-08 5.300000000000000000e+01
-4.106717999999999756e-08 5.500000000000000000e+01
-4.055959000000000221e-08 5.600000000000000000e+01
-3.900076000000000254e-08 5.700000000000000000e+01
-3.965355999999999764e-08 5.900000000000000000e+01
-3.960319000000000167e-08 6.000000000000000000e+01
-3.968874000000000206e-08 6.200000000000000000e+01
-4.134545000000000181e-08 6.300000000000000000e+01
-4.057016999999999991e-08 6.400000000000000000e+01
-4.085977000000000272e-08 6.600000000000000000e+01
-4.150233999999999919e-08 6.700000000000000000e+01
-3.891606000000000179e-08 6.800000000000000000e+01
