-3.301814999999999976e-08 1.000000000000000000e+00
-3.362188999999999958e-08 2.000000000000000000e+00
-3.267141000000000019e-08 3.000000000000000000e+00
-3.350812999999999976e-08 5.000000000000000000e+00
-3.322583000000000126e-08 6.000000000000000000e+00
-3.306754000000000098e-08 8.000000000000000000e+00
-3.432383999999999880e-08 9.000000000000000000e+00
-3.478715000000000058e-08 1.000000000000000000e+01
-3.202724999999999981e-08 1.200000000000000000e+01
-3.530447999999999718e-08 1.300000000000000000e+01
-3.321462999999999783e-08 1.400000000000000000e+01
-3.425487000000000291e-08 1.600000000000000000e+01
-3.371205999999999701e-08 1.700000000000000000e+01
-3.388108999999999968e-08 1.900000000000000000e+01
-3.390904000000000226e-08 2.000000000000000000e+01
-3.274636000000000313e-08 2.100000000000000000e+01
-3.244018000000000243e-08 2.200000000000000000e+01
-3.421642000000000167e-08 2.400000000000000000e+01
-3.370637999999999957e-08 2.500000000000000000e+01
-3.259390000000000177e-08 2.700000000000000000e+01
-3.404468999999999858e-08 2.800000000000000000e+01
-3.243067000000000171e-08 3.000000000000000000e+01
-3.512134000000000313e-08 3.100000000000000000e+01
-3.421341999999999826e-08 3.200000000000000000e+01
-3.304103999999999740e-08 3.400000000000000000e+01
-3.215654000000000030e-08 3.500000000000000000e+01
-3.367255000000000197e-08 3.700000000000000000e+01
-3.183943999999999940e-08 3.800000000000000000e+01
-3.371023000000000261e-08 3.900000000000000000e+01
-3.279117999999999677e-08 4.000000000000000000e+01
