-3.372243999999999713e-08 1.000000000000000000e+00
-3.426201000000000254e-08 2.000000000000000000e+00
-3.445403000000000163e-08 3.000000000000000000e+00
-3.395776000000000165e-08 4.000000000000000000e+00
-3.414748000000000211e-08 6.000000000000000000e+00
-3.416764000000000300e-08 7.000000000000000000e+00
-3.395950000000000045e-08 9.000000000000000000e+00
-3.401240000000000220e-08 1.000000000000000000e+01
-3.399079000000000231e-08 1.200000000000000000e+01
-3.416099000000000075e-08 1.300000000000000000e+01
-3.407517000000000032e-08 1.400000000000000000e+01
-3.408939999999999687e-08 1.600000000000000000e+01
-3.431851999999999700e-08 1.700000000000000000e+01
-3.387898999999999862e-08 1.800000000000000000e+01
-3.417611000000000307e-08 2.000000000000000000e+01
-3.400684000000000331e-08 2.100000000000000000e+01
-3.430357999999999912e-08 2.200000000000000000e+01
-3.393648999999999765e-08 2.400000000000000000e+01
-3.403075999999999840e-08 2.500000000000000000e+01
-3.419794000000000030e-08 2.700000000000000000e+01
-3.409598000000000327e-08 2.800000000000000000e+01
-3.428268999999999714e-08 2.900000000000000000e+01
-3.418337999999999782e-08 3.100000000000000000e+01
-3.415120999999999999e-08 3.200000000000000000e+01
-3.404096000000000070e-08 3.400000000000000000e+01
-3.397238999999999998e-08 3.500000000000000000e+01
-3.405647000000000161e-08 3.600000000000000000e+01
-3.440655000000000047e-08 3.800000000000000000e+01
-3.412724999999999876e-08 3.900000000000000000e+01
-3.421146000000000213e-08 4.100000000000000000e+01
