-1.375182999999999924e-09 1.000000000000000000e+00
-1.434889000000000089e-09 2.000000000000000000e+00
-1.437838999999999960e-09 4.000000000000000000e+00
-1.406709999999999995e-09 5.000000000000000000e+00
-1.418120000000000062e-09 6.000000000000000000e+00
-1.416639999999999980e-09 8.000000000000000000e+00
-1.481040000000000089e-09 9.000000000000000000e+00
-1.429596999999999980e-09 1.100000000000000000e+01
-1.434854000000000099e-09 1.200000000000000000e+01
-1.451720999999999934e-09 1.300000000000000000e+01
-1.370401000000000053e-09 1.400000000000000000e+01
-1.490911000000000085e-09 1.600000000000000000e+01
-1.377725000000000017e-09 1.700000000000000000e+01
-1.406011000000000099e-09 1.900000000000000000e+01
-1.397009000000000009e-09 2.000000000000000000e+01
-1.410042999999999946e-09 2.200000000000000000e+01
-1.393663999999999955e-09 2.300000000000000000e+01
-1.347990999999999921e-09 2.400000000000000000e+01
-1.436785000000000018e-09 2.600000000000000000e+01
-1.372940999999999922e-09 2.700000000000000000e+01
-1.414764000000000017e-09 2.900000000000000000e+01
-1.436881999999999919e-09 3.000000000000000000e+01
-1.390272000000000015e-09 3.100000000000000000e+01
-1.423620000000000095e-09 3.200000000000000000e+01
-1.425481000000000033e-09 3.400000000000000000e+01
-1.492586000000000082e-09 3.500000000000000000e+01
-1.451471000000000064e-09 3.700000000000000000e+01
-1.411403999999999937e-09 3.800000000000000000e+01
-1.360504000000000041e-09 4.000000000000000000e+01
-1.437395999999999986e-09 4.100000000000000000e+01
