-6.792484000000000136e-09 1.000000000000000000e+00
-5.830138000000000077e-09 2.000000000000000000e+00
-6.578776999999999770e-09 3.000000000000000000e+00
-7.463379000000000434e-09 5.000000000000000000e+00
-8.158227000000000556e-09 6.000000000000000000e+00
-7.204848000000000182e-09 8.000000000000000000e+00
-6.159522000000000063e-09 9.000000000000000000e+00
-7.281538999999999747e-09 1.100000000000000000e+01
-6.456203999999999722e-09 1.200000000000000000e+01
-6.968396999999999920e-09 1.300000000000000000e+01
-7.378299000000000145e-09 1.500000000000000000e+01
-7.792547000000000222e-09 1.600000000000000000e+01
-7.358882999999999847e-09 1.700000000000000000e+01
-7.123918999999999623e-09 1.900000000000000000e+01
-7.665579000000000418e-09 2.000000000000000000e+01
-6.638487999999999669e-09 2.200000000000000000e+01
-7.370138999999999627e-09 2.300000000000000000e+01
-6.609635000000000409e-09 2.400000000000000000e+01
-8.240101000000000433e-09 2.600000000000000000e+01
-7.935860000000000759e-09 2.700000000000000000e+01
-7.231810999999999978e-09 2.800000000000000000e+01
-6.585774000000000134e-09 3.000000000000000000e+01
-7.193150000000000126e-09 3.100000000000000000e+01
-8.000689000000000102e-09 3.200000000000000000e+01
-6.709248999999999855e-09 3.400000000000000000e+01
-6.177404000000000230e-09 3.500000000000000000e+01
-8.116681000000000046e-09 3.700000000000000000e+01
-6.273431999999999725e-09 3.800000000000000000e+01
-7.436832000000000071e-09 4.000000000000000000e+01
-6.908842999999999610e-09 4.100000000000000000e+01
