-2.031991000000000106e-07 0.000000000000000000e+00
-2.067184999999999991e-07 2.000000000000000000e+00
-2.047896999999999931e-07 3.000000000000000000e+00
-2.049864000000000018e-07 4.000000000000000000e+00
-2.050916999999999915e-07 6.000000000000000000e+00
-2.065993000000000122e-07 7.000000000000000000e+00
-2.034602999999999998e-07 8.000000000000000000e+00
-2.039891999999999986e-07 1.000000000000000000e+01
-2.036374000000000074e-07 1.100000000000000000e+01
-2.039062000000000104e-07 1.300000000000000000e+01
-2.027548000000000071e-07 1.400000000000000000e+01
-2.079585999999999945e-07 1.600000000000000000e+01
-2.017552000000000066e-07 1.700000000000000000e+01
-2.054926999999999962e-07 1.800000000000000000e+01
-2.072348000000000049e-07 2.000000000000000000e+01
-2.031109000000000059e-07 2.100000000000000000e+01
-2.048795999999999971e-07 2.200000000000000000e+01
-2.037020999999999987e-07 2.400000000000000000e+01
-2.039170000000000121e-07 2.500000000000000000e+01
-2.057378999999999936e-07 2.600000000000000000e+01
-2.020505999999999921e-07 2.800000000000000000e+01
-2.073248999999999932e-07 2.900000000000000000e+01
-2.028746999999999922e-07 3.100000000000000000e+01
-2.049662999999999869e-07 3.200000000000000000e+01
-2.073718999999999936e-07 3.300000000000000000e+01
-2.040111000000000049e-07 3.500000000000000000e+01
-2.025801999999999891e-07 3.600000000000000000e+01
-2.060154999999999961e-07 3.700000000000000000e+01
-2.035102000000000114e-07 3.900000000000000000e+01
-2.077626000000000104e-07 4.000000000000000000e+01
-2.046557999999999922e-07 4.200000000000000000e+01
-2.047365000000000016e-07 4.300000000000000000e+01
-2.046317999999999914e-07 4.500000000000000000e+01
-2.047114000000000076e-07 4.600000000000000000e+01
-2.075618000000000051e-07 4.700000000000000000e+01
-2.058774999999999984e-07 4.900000000000000000e+01
-2.042986000000000001e-07 5.000000000000000000e+01
-2.056844999999999913e-07 5.100000000000000000e+01
-2.037545999999999920e-07 5.300000000000000000e+01
-2.052288000000000066e-07 5.400000000000000000e+01
-2.053090000000000023e-07 5.600000000000000000e+01
-2.057466999999999930e-07 5.700000000000000000e+01
-2.051165000000000090e-07 5.800000000000000000e+01
-2.044345000000000033e-07 6.000000000000000000e+01
-2.038079999999999943e-07 6.100000000000000000e+01
-2.052211999999999927e-07 6.200000000000000000e+01
-2.054239000000000082e-07 6.400000000000000000e+01
-2.073633999999999972e-07 6.500000000000000000e+01
-2.055761000000000061e-07 6.700000000000000000e+01
-2.050915999999999993e-07 6.800000000000000000e+01
