-1.042581000000000042e-09 0.000000000000000000e+00
-9.560236000000000858e-10 1.000000000000000000e+00
-1.015025000000000018e-09 3.000000000000000000e+00
-1.003884000000000087e-09 4.000000000000000000e+00
-1.041711999999999928e-09 6.000000000000000000e+00
-9.985255999999999045e-10 7.000000000000000000e+00
-9.890107000000000990e-10 8.000000000000000000e+00
-9.836794999999999014e-10 1.000000000000000000e+01
-9.514824000000000478e-10 1.100000000000000000e+01
-1.106956999999999944e-09 1.300000000000000000e+01
-1.102544000000000034e-09 1.400000000000000000e+01
-9.760921999999999642e-10 1.500000000000000000e+01
-1.088213999999999940e-09 1.700000000000000000e+01
-9.359695000000000733e-10 1.800000000000000000e+01
-9.321487999999999606e-10 1.900000000000000000e+01
-9.967716999999999857e-10 2.100000000000000000e+01
-9.160918000000000438e-10 2.200000000000000000e+01
-1.120044000000000025e-09 2.300000000000000000e+01
-9.959211999999999791e-10 2.500000000000000000e+01
-9.850970999999999441e-10 2.600000000000000000e+01
