-1.383570000000000011e-09 1.000000000000000000e+00
-1.336908000000000074e-09 2.000000000000000000e+00
-1.399104000000000094e-09 3.000000000000000000e+00
-1.370787000000000056e-09 5.000000000000000000e+00
-1.578328000000000053e-09 6.000000000000000000e+00
-1.328906999999999990e-09 8.000000000000000000e+00
-1.376076999999999941e-09 9.000000000000000000e+00
-1.323303000000000099e-09 1.000000000000000000e+01
-1.470321000000000056e-09 1.200000000000000000e+01
-1.391323000000000035e-09 1.300000000000000000e+01
-1.511613999999999946e-09 1.500000000000000000e+01
-1.596956000000000001e-09 1.600000000000000000e+01
-1.483634000000000007e-09 1.700000000000000000e+01
-1.400718000000000084e-09 1.900000000000000000e+01
-1.514079000000000102e-09 2.000000000000000000e+01
-1.383474999999999919e-09 2.100000000000000000e+01
-1.391314999999999967e-09 2.300000000000000000e+01
-1.403778000000000071e-09 2.400000000000000000e+01
-1.484657999999999900e-09 2.600000000000000000e+01
-1.354482000000000080e-09 2.700000000000000000e+01
-1.329999999999999957e-09 2.800000000000000000e+01
-1.261851000000000051e-09 3.000000000000000000e+01
-1.456472999999999960e-09 3.100000000000000000e+01
-1.473407999999999964e-09 3.200000000000000000e+01
-1.383051999999999910e-09 3.400000000000000000e+01
-1.354759000000000078e-09 3.500000000000000000e+01
-1.332900000000000019e-09 3.700000000000000000e+01
-1.410788000000000030e-09 3.800000000000000000e+01
-1.336919000000000065e-09 3.900000000000000000e+01
-1.326778999999999932e-09 4.100000000000000000e+01
