-1.187427999999999924e-08 1.000000000000000000e+00
-1.177060999999999974e-08 2.000000000000000000e+00
-1.076860000000000022e-08 3.000000000000000000e+00
-1.129763000000000082e-08 5.000000000000000000e+00
-1.046402999999999990e-08 6.000000000000000000e+00
-1.211007999999999961e-08 8.000000000000000000e+00
-1.054932000000000013e-08 9.000000000000000000e+00
-1.118971999999999969e-08 1.000000000000000000e+01
-1.017698999999999920e-08 1.200000000000000000e+01
-1.215795999999999924e-08 1.300000000000000000e+01
-9.529991000000000411e-09 1.500000000000000000e+01
-1.175529999999999972e-08 1.600000000000000000e+01
-1.169701000000000033e-08 1.700000000000000000e+01
-1.204417999999999966e-08 1.900000000000000000e+01
-1.141532999999999929e-08 2.000000000000000000e+01
-1.202847999999999939e-08 2.200000000000000000e+01
-1.110604999999999971e-08 2.300000000000000000e+01
-1.125068999999999974e-08 2.400000000000000000e+01
-1.194280000000000057e-08 2.600000000000000000e+01
-9.518072999999999708e-09 2.700000000000000000e+01
-1.035912000000000052e-08 2.800000000000000000e+01
-9.726931999999999845e-09 3.000000000000000000e+01
-1.122360000000000000e-08 3.100000000000000000e+01
-1.092884999999999995e-08 3.300000000000000000e+01
-1.052294000000000006e-08 3.400000000000000000e+01
-1.128947000000000031e-08 3.500000000000000000e+01
-1.094303000000000042e-08 3.700000000000000000e+01
-1.185198999999999931e-08 3.800000000000000000e+01
-1.192693000000000071e-08 3.900000000000000000e+01
-1.175746000000000005e-08 4.100000000000000000e+01
