-2.876764000000000097e-08 0.000000000000000000e+00
-2.895131999999999841e-08 1.000000000000000000e+00
-2.869667999999999938e-08 3.000000000000000000e+00
-2.907252000000000085e-08 4.000000000000000000e+00
-2.868629999999999926e-08 6.000000000000000000e+00
-2.864311999999999900e-08 7.000000000000000000e+00
-2.907922999999999906e-08 8.000000000000000000e+00
-2.912056999999999842e-08 1.000000000000000000e+01
-2.862011999999999939e-08 1.100000000000000000e+01
-2.875670000000000100e-08 1.200000000000000000e+01
-2.869373999999999856e-08 1.400000000000000000e+01
-2.886207999999999966e-08 1.500000000000000000e+01
-2.825377999999999877e-08 1.700000000000000000e+01
-2.878383000000000027e-08 1.800000000000000000e+01
-2.830070000000000010e-08 1.900000000000000000e+01
-2.857048000000000120e-08 2.100000000000000000e+01
-2.870057999999999851e-08 2.200000000000000000e+01
-2.803522999999999977e-08 2.400000000000000000e+01
-2.851672999999999981e-08 2.500000000000000000e+01
-2.890932000000000042e-08 2.600000000000000000e+01
-2.918954000000000093e-08 2.800000000000000000e+01
-2.876314999999999905e-08 2.900000000000000000e+01
-2.906155000000000125e-08 3.000000000000000000e+01
-2.883435000000000104e-08 3.200000000000000000e+01
-2.904510999999999836e-08 3.300000000000000000e+01
-2.894267000000000052e-08 3.500000000000000000e+01
-2.820693999999999979e-08 3.600000000000000000e+01
-2.829492000000000056e-08 3.700000000000000000e+01
-2.917703999999999999e-08 3.900000000000000000e+01
-2.914144000000000065e-08 4.000000000000000000e+01
-2.825883000000000053e-08 4.200000000000000000e+01
-2.881236999999999901e-08 4.300000000000000000e+01
-2.910075999999999992e-08 4.400000000000000000e+01
-2.867873000000000153e-08 4.600000000000000000e+01
-2.895812999999999872e-08 4.700000000000000000e+01
-2.850205999999999866e-08 4.800000000000000000e+01
-2.845170999999999914e-08 5.000000000000000000e+01
-2.913987999999999967e-08 5.100000000000000000e+01
-2.835619000000000028e-08 5.200000000000000000e+01
-2.827272000000000119e-08 5.400000000000000000e+01
-2.895391000000000016e-08 5.500000000000000000e+01
-2.865023999999999887e-08 5.700000000000000000e+01
-2.861278999999999876e-08 5.800000000000000000e+01
-2.915539000000000058e-08 5.900000000000000000e+01
-2.881218000000000131e-08 6.100000000000000000e+01
-2.896074000000000023e-08 6.200000000000000000e+01
-2.877003999999999839e-08 6.400000000000000000e+01
-2.877861000000000057e-08 6.500000000000000000e+01
-2.903241999999999972e-08 6.600000000000000000e+01
-2.855862999999999902e-08 6.800000000000000000e+01
