-9.805099999999999569e-10 0.000000000000000000e+00
-9.897867999999999636e-10 1.000000000000000000e+00
-1.034682000000000005e-09 3.000000000000000000e+00
-9.939644999999999336e-10 4.000000000000000000e+00
-1.008715000000000068e-09 6.000000000000000000e+00
-1.084516000000000063e-09 7.000000000000000000e+00
-9.720003000000000478e-10 8.000000000000000000e+00
-1.008931999999999965e-09 1.000000000000000000e+01
-1.002593000000000076e-09 1.100000000000000000e+01
-9.609654000000000242e-10 1.300000000000000000e+01
-9.973669000000000872e-10 1.400000000000000000e+01
-1.029582000000000095e-09 1.500000000000000000e+01
-9.951483999999999257e-10 1.700000000000000000e+01
-1.039623000000000102e-09 1.800000000000000000e+01
-9.348919000000000522e-10 1.900000000000000000e+01
-9.536878999999999943e-10 2.100000000000000000e+01
-9.981472000000000498e-10 2.200000000000000000e+01
-1.020324999999999990e-09 2.300000000000000000e+01
-9.813458000000000338e-10 2.500000000000000000e+01
-1.033327000000000065e-09 2.600000000000000000e+01
