-2.014698999999999972e-10 1.000000000000000000e+00
-1.959202999999999991e-10 2.000000000000000000e+00
-1.998469000000000071e-10 3.000000000000000000e+00
-1.964947999999999903e-10 5.000000000000000000e+00
-1.970493999999999968e-10 6.000000000000000000e+00
-1.980348999999999982e-10 7.000000000000000000e+00
-1.953694000000000088e-10 9.000000000000000000e+00
-1.930798000000000078e-10 1.000000000000000000e+01
-1.960028000000000089e-10 1.200000000000000000e+01
-1.958124000000000093e-10 1.300000000000000000e+01
-2.034899000000000068e-10 1.400000000000000000e+01
-1.995595000000000024e-10 1.600000000000000000e+01
-1.972566000000000010e-10 1.700000000000000000e+01
-2.012660000000000110e-10 1.900000000000000000e+01
-1.958282000000000052e-10 2.000000000000000000e+01
-1.949560000000000090e-10 2.100000000000000000e+01
-1.963756999999999974e-10 2.300000000000000000e+01
-1.934478999999999912e-10 2.400000000000000000e+01
-1.973081000000000034e-10 2.600000000000000000e+01
-1.963602999999999997e-10 2.700000000000000000e+01
-1.950766999999999949e-10 2.800000000000000000e+01
-1.953947000000000087e-10 3.000000000000000000e+01
-1.934535999999999987e-10 3.100000000000000000e+01
-1.935061999999999899e-10 3.200000000000000000e+01
-1.929250000000000085e-10 3.400000000000000000e+01
-1.974140000000000019e-10 3.500000000000000000e+01
-1.949929999999999904e-10 3.600000000000000000e+01
-1.983371999999999962e-10 3.800000000000000000e+01
-1.946743000000000119e-10 3.900000000000000000e+01
-1.976054999999999904e-10 4.100000000000000000e+01
-1.966131999999999927e-10 4.200000000000000000e+01
-1.984372000000000011e-10 4.400000000000000000e+01
-2.044571999999999968e-10 4.500000000000000000e+01
-1.897517999999999961e-10 4.600000000000000000e+01
-2.024840999999999967e-10 4.800000000000000000e+01
-1.935511000000000080e-10 4.900000000000000000e+01
-2.037383000000000129e-10 5.000000000000000000e+01
-1.965941000000000046e-10 5.200000000000000000e+01
-1.959123000000000081e-10 5.300000000000000000e+01
-1.962503000000000125e-10 5.400000000000000000e+01
-1.999455000000000050e-10 5.600000000000000000e+01
-1.961683000000000070e-10 5.700000000000000000e+01
-1.951157999999999995e-10 5.900000000000000000e+01
-1.952421000000000128e-10 6.000000000000000000e+01
-1.937725999999999953e-10 6.100000000000000000e+01
-1.952220999999999963e-10 6.300000000000000000e+01
-1.939239999999999964e-10 6.400000000000000000e+01
-1.927573999999999872e-10 6.600000000000000000e+01
-1.944591999999999968e-10 6.700000000000000000e+01
-1.924575000000000046e-10 6.800000000000000000e+01
