-1.016682999999999973e-09 0.000000000000000000e+00
-1.120820000000000065e-09 2.000000000000000000e+00
-1.019350000000000001e-09 3.000000000000000000e+00
-1.085541000000000067e-09 5.000000000000000000e+00
-9.944951999999999470e-10 6.000000000000000000e+00
-1.067066000000000087e-09 7.000000000000000000e+00
-9.613910000000000357e-10 8.000000000000000000e+00
-9.702726000000000022e-10 1.000000000000000000e+01
-1.053196999999999915e-09 1.100000000000000000e+01
-1.009156999999999930e-09 1.300000000000000000e+01
-9.950828999999999325e-10 1.400000000000000000e+01
-1.046806999999999899e-09 1.500000000000000000e+01
-1.018861999999999950e-09 1.700000000000000000e+01
-1.041431000000000103e-09 1.800000000000000000e+01
-1.024874999999999938e-09 2.000000000000000000e+01
-1.028751000000000101e-09 2.100000000000000000e+01
-9.798682999999999218e-10 2.200000000000000000e+01
-1.017417000000000065e-09 2.400000000000000000e+01
-9.807855000000000973e-10 2.500000000000000000e+01
-9.947151999999999732e-10 2.700000000000000000e+01
-1.089735000000000063e-09 2.800000000000000000e+01
-9.570780999999999812e-10 2.900000000000000000e+01
-1.002641999999999979e-09 3.100000000000000000e+01
-9.770330000000000112e-10 3.200000000000000000e+01
-1.012872000000000057e-09 3.400000000000000000e+01
-1.038570000000000065e-09 3.500000000000000000e+01
-1.009808000000000035e-09 3.600000000000000000e+01
-1.021742999999999953e-09 3.700000000000000000e+01
-1.086263000000000057e-09 3.900000000000000000e+01
-1.142747999999999992e-09 4.000000000000000000e+01
