-2.003552999999999895e-09 1.000000000000000000e+00
-1.997474000000000169e-09 2.000000000000000000e+00
-1.872298000000000021e-09 3.000000000000000000e+00
-1.856412000000000020e-09 5.000000000000000000e+00
-1.782715000000000083e-09 6.000000000000000000e+00
-1.970017999999999969e-09 7.000000000000000000e+00
-1.797893999999999913e-09 9.000000000000000000e+00
-1.718931999999999995e-09 1.000000000000000000e+01
-1.764334000000000082e-09 1.200000000000000000e+01
-1.868424000000000082e-09 1.300000000000000000e+01
-1.763750999999999941e-09 1.500000000000000000e+01
-1.952285000000000150e-09 1.600000000000000000e+01
-1.696404999999999996e-09 1.700000000000000000e+01
-1.937815999999999794e-09 1.900000000000000000e+01
-1.890992000000000122e-09 2.000000000000000000e+01
-1.719985999999999937e-09 2.100000000000000000e+01
-1.842528000000000030e-09 2.300000000000000000e+01
-1.934899000000000103e-09 2.400000000000000000e+01
-1.692241000000000050e-09 2.500000000000000000e+01
-1.735583999999999949e-09 2.700000000000000000e+01
