-8.393518999999999871e-11 0.000000000000000000e+00
-7.982918000000000215e-11 1.000000000000000000e+00
-9.015031000000000464e-11 3.000000000000000000e+00
-7.263395000000000435e-11 4.000000000000000000e+00
-8.470594999999999895e-11 5.000000000000000000e+00
-1.008386000000000037e-10 7.000000000000000000e+00
-7.587277000000000165e-11 8.000000000000000000e+00
-8.395685999999999694e-11 1.000000000000000000e+01
-8.204136999999999780e-11 1.100000000000000000e+01
-7.971439000000000280e-11 1.300000000000000000e+01
-9.405399000000000362e-11 1.400000000000000000e+01
-8.242082000000000625e-11 1.500000000000000000e+01
-8.303138999999999765e-11 1.700000000000000000e+01
-7.780879000000000010e-11 1.800000000000000000e+01
-8.959160000000000369e-11 1.900000000000000000e+01
-9.112546000000000256e-11 2.100000000000000000e+01
-7.902410999999999658e-11 2.200000000000000000e+01
-8.025693000000000101e-11 2.300000000000000000e+01
-7.979237999999999407e-11 2.500000000000000000e+01
-7.835985000000000522e-11 2.600000000000000000e+01
-8.874478000000000185e-11 2.800000000000000000e+01
-8.439573000000000434e-11 2.900000000000000000e+01
-9.448595999999999577e-11 3.000000000000000000e+01
-8.375201000000000514e-11 3.200000000000000000e+01
-8.654400999999999405e-11 3.300000000000000000e+01
-7.547863000000000470e-11 3.500000000000000000e+01
-7.691149999999999595e-11 3.600000000000000000e+01
-8.333258000000000114e-11 3.700000000000000000e+01
-7.450161000000000005e-11 3.900000000000000000e+01
-9.518415000000000574e-11 4.000000000000000000e+01
