-3.740354999999999746e-09 0.000000000000000000e+00
-3.783766000000000022e-09 1.000000000000000000e+00
-4.103928000000000100e-09 3.000000000000000000e+00
-3.666569000000000183e-09 4.000000000000000000e+00
-3.924063999999999820e-09 5.000000000000000000e+00
-3.570287999999999862e-09 7.000000000000000000e+00
-4.176864999999999927e-09 8.000000000000000000e+00
-3.759950000000000029e-09 1.000000000000000000e+01
-4.135988000000000090e-09 1.100000000000000000e+01
-3.648879999999999915e-09 1.200000000000000000e+01
-3.845149000000000201e-09 1.400000000000000000e+01
-3.697714999999999984e-09 1.500000000000000000e+01
-3.928749000000000202e-09 1.700000000000000000e+01
-4.078470000000000289e-09 1.800000000000000000e+01
-4.000449000000000275e-09 2.000000000000000000e+01
-3.731555000000000356e-09 2.100000000000000000e+01
-3.986105999999999966e-09 2.200000000000000000e+01
-3.804467999999999978e-09 2.400000000000000000e+01
-3.438386000000000124e-09 2.500000000000000000e+01
-3.877269000000000293e-09 2.600000000000000000e+01
