-4.537193000000000174e-08 3.800000000010186341e-01
-4.509957999999999865e-08 1.780000000000654836e+00
-4.463506999999999815e-08 3.180000000000291038e+00
-4.428103000000000089e-08 4.570000000001527951e+00
-4.492783000000000242e-08 5.960000000000945874e+00
-4.590488000000000123e-08 7.350000000000363798e+00
-4.520635999999999691e-08 8.720000000001164153e+00
-4.547174999999999820e-08 1.012000000000080036e+01
-4.503090000000000256e-08 1.152000000000043656e+01
-4.371752000000000063e-08 1.290999999999985448e+01
-4.355236000000000076e-08 1.430000000000109139e+01
-4.382327000000000143e-08 1.569000000000050932e+01
-4.505029999999999941e-08 1.709000000000014552e+01
-4.308644000000000078e-08 1.848000000000138243e+01
-4.205548999999999908e-08 1.986000000000058208e+01
-4.272662999999999724e-08 2.125000000000000000e+01
-4.227335999999999969e-08 2.264000000000123691e+01
-4.545671999999999810e-08 2.403000000000065484e+01
-4.252854999999999869e-08 2.540999999999985448e+01
-4.439959000000000218e-08 2.680000000000109139e+01
-4.357578999999999847e-08 2.819000000000050932e+01
-4.456469000000000278e-08 2.957999999999992724e+01
-4.358961999999999986e-08 3.097000000000116415e+01
-4.495710999999999883e-08 3.236000000000058208e+01
-4.594109999999999969e-08 3.375000000000000000e+01
-4.530245000000000210e-08 3.514000000000123691e+01
-4.497215000000000212e-08 3.652000000000043656e+01
-4.334321000000000050e-08 3.790999999999985448e+01
-4.546858000000000017e-08 3.930000000000109139e+01
-4.448323000000000253e-08 4.069000000000050932e+01
-4.366861999999999680e-08 4.207999999999992724e+01
-4.407093000000000220e-08 4.347000000000116415e+01
-4.564332999999999979e-08 4.487000000000080036e+01
-4.504763999999999851e-08 4.626000000000021828e+01
-4.409723999999999816e-08 4.765999999999985448e+01
-4.463892000000000119e-08 4.905000000000109139e+01
-4.418809000000000059e-08 5.044000000000050932e+01
-4.405739000000000062e-08 5.182999999999992724e+01
-4.480956000000000092e-08 5.322000000000116415e+01
-4.459037000000000305e-08 5.462000000000080036e+01
-4.565862999999999994e-08 5.602000000000043656e+01
-4.513972000000000261e-08 5.742000000000007276e+01
-4.369813999999999692e-08 5.881000000000130967e+01
-4.167839000000000294e-08 6.021000000000094587e+01
-4.527131999999999830e-08 6.161000000000058208e+01
-4.585303999999999989e-08 6.300000000000000000e+01
-4.529946000000000189e-08 6.438000000000101863e+01
-4.628826000000000079e-08 6.577000000000043656e+01
-4.713480999999999721e-08 6.717000000000007276e+01
-4.552850999999999956e-08 6.857000000000152795e+01
-4.462688999999999787e-08 6.995000000000072760e+01
-4.692447999999999800e-08 7.135000000000036380e+01
-4.604964000000000312e-08 7.275000000000000000e+01
-4.478218999999999795e-08 7.414000000000123691e+01
-4.753923000000000025e-08 7.553000000000065484e+01
-4.658062000000000329e-08 7.693000000000029104e+01
-4.711375000000000060e-08 7.832000000000152795e+01
-4.505537000000000093e-08 7.972000000000116415e+01
-4.783950000000000298e-08 8.111000000000058208e+01
-4.677175999999999979e-08 8.250000000000000000e+01
-4.529718000000000301e-08 8.388000000000101863e+01
-4.600814999999999895e-08 8.527000000000043656e+01
-4.601235999999999764e-08 8.665999999999985448e+01
-4.745566999999999894e-08 8.805000000000109139e+01
-4.680220000000000202e-08 8.943000000000029104e+01
-4.771978999999999905e-08 9.082999999999992724e+01
-4.920437000000000056e-08 9.221000000000094587e+01
-5.080232000000000330e-08 9.361000000000058208e+01
-4.944800999999999704e-08 9.499000000000160071e+01
-5.074759999999999710e-08 9.638000000000101863e+01
-4.819222000000000297e-08 9.777000000000043656e+01
-4.920431999999999785e-08 9.915000000000145519e+01
-5.017391999999999748e-08 1.005400000000008731e+02
-5.302945000000000241e-08 1.019400000000005093e+02
-5.285642999999999839e-08 1.033400000000001455e+02
-5.328203000000000320e-08 1.047300000000013824e+02
-5.323868000000000170e-08 1.061300000000010186e+02
-5.525602999999999825e-08 1.075200000000004366e+02
-5.330785999999999835e-08 1.089099999999998545e+02
-5.386536999999999842e-08 1.103100000000013097e+02
-5.195730999999999953e-08 1.116900000000005093e+02
-5.278719999999999903e-08 1.130799999999999272e+02
-5.508090999999999979e-08 1.144700000000011642e+02
-5.469293000000000295e-08 1.158600000000005821e+02
-5.389610999999999701e-08 1.172300000000013824e+02
-5.420176999999999738e-08 1.186300000000010186e+02
-5.408740999999999820e-08 1.200100000000002183e+02
-5.456146999999999894e-08 1.214000000000014552e+02
-5.416703000000000087e-08 1.227900000000008731e+02
-5.370857000000000326e-08 1.241700000000000728e+02
-5.306569000000000062e-08 1.255600000000013097e+02
-5.554482999999999750e-08 1.269500000000007276e+02
-5.410679000000000192e-08 1.283400000000001455e+02
-5.444494000000000286e-08 1.297300000000013824e+02
-5.446337000000000153e-08 1.311200000000008004e+02
-5.566068000000000181e-08 1.325000000000000000e+02
-5.244811000000000284e-08 1.339000000000014552e+02
-5.592775000000000263e-08 1.353000000000010914e+02
-5.349703999999999872e-08 1.366800000000002910e+02
-5.452131000000000185e-08 1.380700000000015280e+02
-5.385886999999999767e-08 1.394500000000007276e+02
-5.413928999999999906e-08 1.408400000000001455e+02
-5.501627999999999771e-08 1.422400000000016007e+02
-5.195730999999999953e-08 1.436300000000010186e+02
-5.368056999999999798e-08 1.450200000000004366e+02
-5.217313000000000179e-08 1.464099999999998545e+02
-5.297828000000000288e-08 1.477900000000008731e+02
-5.435127999999999804e-08 1.491900000000005093e+02
-5.375924000000000222e-08 1.505799999999999272e+02
-5.424750999999999975e-08 1.519700000000011642e+02
-5.285931000000000324e-08 1.533600000000005821e+02
-5.452291999999999891e-08 1.547400000000016007e+02
-5.341436000000000000e-08 1.561300000000010186e+02
-5.459675999999999873e-08 1.575300000000006548e+02
-5.449681000000000053e-08 1.589300000000002910e+02
-5.462328999999999863e-08 1.603400000000001455e+02
-5.306283000000000214e-08 1.617400000000016007e+02
-5.449372999999999810e-08 1.631300000000010186e+02
-5.615103999999999721e-08 1.645300000000006548e+02
-5.461888999999999894e-08 1.659300000000002910e+02
-5.380578999999999810e-08 1.673200000000015280e+02
-5.456679000000000074e-08 1.687100000000009459e+02
-5.258501999999999715e-08 1.701000000000003638e+02
-5.357081999999999927e-08 1.714800000000013824e+02
-5.488397000000000067e-08 1.728700000000008004e+02
-5.281718999999999677e-08 1.742700000000004366e+02
-5.315774999999999834e-08 1.756599999999998545e+02
-5.026729000000000251e-08 1.770600000000013097e+02
-4.704622999999999709e-08 1.784700000000011642e+02
-5.059649000000000257e-08 1.798700000000008004e+02
-5.055773999999999834e-08 1.812500000000000000e+02
-4.770861999999999856e-08 1.826400000000012369e+02
-4.816436999999999919e-08 1.840300000000006548e+02
-5.045057999999999806e-08 1.854200000000000728e+02
-4.821598000000000000e-08 1.868000000000010914e+02
-5.000273000000000110e-08 1.882000000000007276e+02
-4.804256999999999739e-08 1.896000000000003638e+02
-5.047297999999999831e-08 1.909900000000016007e+02
-5.134627000000000202e-08 1.923800000000010186e+02
-4.929845000000000030e-08 1.937700000000004366e+02
-4.856653999999999967e-08 1.951599999999998545e+02
-5.029957000000000232e-08 1.965500000000010914e+02
-4.880968000000000220e-08 1.979400000000005093e+02
-5.149206000000000137e-08 1.993299999999999272e+02
-4.798408000000000042e-08 2.007300000000013824e+02
-4.719087999999999700e-08 2.021200000000008004e+02
-4.986570000000000162e-08 2.035200000000004366e+02
-4.989279999999999794e-08 2.049099999999998545e+02
-4.918293000000000192e-08 2.063200000000015280e+02
-4.810268999999999780e-08 2.077100000000009459e+02
-4.974469999999999677e-08 2.091000000000003638e+02
-4.804877999999999835e-08 2.104800000000013824e+02
-5.062530000000000136e-08 2.118700000000008004e+02
-4.868797000000000263e-08 2.132500000000000000e+02
-4.854658999999999955e-08 2.146500000000014552e+02
-5.072833999999999855e-08 2.160500000000010914e+02
-5.027690999999999859e-08 2.174300000000002910e+02
-4.806260999999999974e-08 2.188299999999999272e+02
-4.985630999999999945e-08 2.202100000000009459e+02
-4.697348000000000062e-08 2.216100000000005821e+02
-4.592047999999999775e-08 2.230000000000000000e+02
-4.772708000000000017e-08 2.243900000000012369e+02
-4.727914999999999756e-08 2.257800000000006548e+02
-4.712021999999999840e-08 2.271599999999998545e+02
-4.899705000000000132e-08 2.285600000000013097e+02
-4.781894999999999688e-08 2.299500000000007276e+02
-4.878466999999999714e-08 2.313400000000001455e+02
-4.627184000000000097e-08 2.327300000000013824e+02
-4.811009000000000090e-08 2.341200000000008004e+02
-4.827843999999999857e-08 2.355200000000004366e+02
-4.945629000000000272e-08 2.369099999999998545e+02
-4.896145000000000198e-08 2.382900000000008731e+02
-4.991772000000000079e-08 2.396900000000005093e+02
-5.231566999999999746e-08 2.410700000000015280e+02
-5.065694000000000230e-08 2.424700000000011642e+02
-5.297857000000000268e-08 2.438700000000008004e+02
-5.084576999999999698e-08 2.452600000000002183e+02
-5.114540999999999740e-08 2.466599999999998545e+02
-4.920487999999999770e-08 2.480600000000013097e+02
-5.126915000000000219e-08 2.494500000000007276e+02
-5.170017000000000098e-08 2.508299999999999272e+02
-5.085521999999999843e-08 2.522300000000013824e+02
-5.323461000000000132e-08 2.536200000000008004e+02
-5.165508000000000067e-08 2.550100000000002183e+02
-5.104837000000000039e-08 2.563900000000012369e+02
-5.120056000000000171e-08 2.577900000000008731e+02
-4.997504999999999856e-08 2.592000000000007276e+02
-5.044277000000000323e-08 2.605900000000001455e+02
-5.066618999999999955e-08 2.619800000000013824e+02
-5.153823999999999841e-08 2.633700000000008004e+02
-5.108188999999999843e-08 2.647700000000004366e+02
-5.177244000000000325e-08 2.661700000000000728e+02
-5.107329000000000324e-08 2.675600000000013097e+02
-5.293692999999999702e-08 2.689500000000007276e+02
-5.240430000000000028e-08 2.703299999999999272e+02
-5.139310000000000113e-08 2.717200000000011642e+02
-5.096918000000000245e-08 2.731100000000005821e+02
-4.980351000000000310e-08 2.745000000000000000e+02
-5.219316999999999752e-08 2.758800000000010186e+02
-5.127558999999999705e-08 2.772700000000004366e+02
-5.168923999999999758e-08 2.786599999999998545e+02
-5.199367000000000291e-08 2.800500000000010914e+02
-5.252386999999999928e-08 2.814500000000007276e+02
-5.172527999999999822e-08 2.828400000000001455e+02
-5.090144000000000161e-08 2.842400000000016007e+02
-5.238195999999999930e-08 2.856300000000010186e+02
-5.092403000000000287e-08 2.870300000000006548e+02
-5.075685000000000097e-08 2.884200000000000728e+02
-5.236557999999999899e-08 2.898100000000013097e+02
-5.247316999999999738e-08 2.912100000000009459e+02
-5.160871999999999919e-08 2.926200000000008004e+02
-5.179724000000000093e-08 2.940100000000002183e+02
-5.262383999999999723e-08 2.954000000000014552e+02
-5.092706999999999917e-08 2.967900000000008731e+02
-5.333689000000000109e-08 2.981900000000005093e+02
-5.157466999999999764e-08 2.995799999999999272e+02
-5.193149000000000096e-08 3.009700000000011642e+02
-5.458662000000000232e-08 3.023500000000003638e+02
-5.181557999999999738e-08 3.037400000000016007e+02
-5.384406000000000152e-08 3.051300000000010186e+02
-5.400088000000000305e-08 3.065300000000006548e+02
-5.285629000000000008e-08 3.079200000000000728e+02
-5.132981999999999925e-08 3.093100000000013097e+02
-5.149331999999999936e-08 3.107100000000009459e+02
-5.225164000000000135e-08 3.120900000000001455e+02
-5.056933999999999693e-08 3.134900000000016007e+02
-5.251483999999999936e-08 3.148900000000012369e+02
-5.130778000000000126e-08 3.162800000000006548e+02
-5.321632000000000096e-08 3.176800000000002910e+02
-5.081911000000000195e-08 3.190700000000015280e+02
-5.272522000000000128e-08 3.204600000000009459e+02
-5.114322000000000074e-08 3.218600000000005821e+02
-4.996233000000000029e-08 3.232400000000016007e+02
-4.924683000000000291e-08 3.246300000000010186e+02
-5.023951000000000118e-08 3.260200000000004366e+02
-4.898935000000000185e-08 3.274099999999998545e+02
-5.095390000000000206e-08 3.288100000000013097e+02
-5.032512999999999742e-08 3.302000000000007276e+02
-5.027843000000000005e-08 3.315900000000001455e+02
-4.996451999999999695e-08 3.329900000000016007e+02
-5.015728000000000032e-08 3.343800000000010186e+02
-4.883546999999999783e-08 3.357600000000002183e+02
-4.934253000000000290e-08 3.371500000000014552e+02
-4.853553000000000104e-08 3.385400000000008731e+02
-4.590642999999999902e-08 3.399200000000000728e+02
-4.619400999999999980e-08 3.413100000000013097e+02
-4.741549000000000208e-08 3.427000000000007276e+02
-4.608341000000000144e-08 3.440900000000001455e+02
-4.736174999999999726e-08 3.454800000000013824e+02
-4.541231999999999937e-08 3.468800000000010186e+02
-4.618580999999999977e-08 3.482600000000002183e+02
-4.857732999999999814e-08 3.496599999999998545e+02
-4.668618000000000307e-08 3.510600000000013097e+02
-4.666133000000000269e-08 3.524500000000007276e+02
-4.445900000000000126e-08 3.538299999999999272e+02
-4.510540999999999758e-08 3.552400000000016007e+02
-4.785112999999999790e-08 3.566400000000012369e+02
-4.519722999999999820e-08 3.580400000000008731e+02
-4.845546000000000050e-08 3.594400000000005093e+02
-4.620460999999999726e-08 3.608299999999999272e+02
-4.594119000000000191e-08 3.622200000000011642e+02
-4.869772999999999702e-08 3.636300000000010186e+02
-4.808695000000000298e-08 3.650200000000004366e+02
-4.655157000000000079e-08 3.664099999999998545e+02
-4.767085999999999889e-08 3.678000000000010914e+02
-4.684652000000000172e-08 3.691900000000005093e+02
-4.828916999999999776e-08 3.705799999999999272e+02
-4.784898999999999732e-08 3.719700000000011642e+02
-4.834249999999999762e-08 3.733700000000008004e+02
-4.966444000000000185e-08 3.747700000000004366e+02
-4.874715000000000118e-08 3.761500000000014552e+02
-5.077709999999999746e-08 3.775400000000008731e+02
-5.097040000000000092e-08 3.789300000000002910e+02
-4.924409000000000298e-08 3.803299999999999272e+02
-4.997041999999999834e-08 3.817200000000011642e+02
-5.085967000000000083e-08 3.831100000000005821e+02
-5.032925999999999707e-08 3.845000000000000000e+02
-4.985775999999999844e-08 3.859000000000014552e+02
-5.239008999999999687e-08 3.872900000000008731e+02
-4.971034000000000228e-08 3.886900000000005093e+02
-5.332143999999999945e-08 3.900799999999999272e+02
-5.093903000000000003e-08 3.914700000000011642e+02
-5.135449999999999838e-08 3.928600000000005821e+02
-4.936600000000000013e-08 3.942500000000000000e+02
-5.061040000000000299e-08 3.956500000000014552e+02
-5.161525000000000289e-08 3.970500000000010914e+02
-5.301579999999999884e-08 3.984500000000007276e+02
-5.335059999999999731e-08 3.998299999999999272e+02
-5.133651000000000101e-08 4.012300000000013824e+02
-5.063689999999999995e-08 4.026200000000008004e+02
-5.227572999999999769e-08 4.040100000000002183e+02
-4.996530999999999731e-08 4.054000000000014552e+02
-5.056801000000000310e-08 4.067900000000008731e+02
-5.070035000000000308e-08 4.081800000000002910e+02
-5.128204000000000172e-08 4.095600000000013097e+02
-5.216889000000000016e-08 4.109500000000007276e+02
-5.234153000000000216e-08 4.123500000000003638e+02
-5.245178999999999802e-08 4.137300000000013824e+02
-5.009198999999999961e-08 4.151200000000008004e+02
-5.140440999999999992e-08 4.165200000000004366e+02
