-6.117693000000000331e-08 1.000000000000000000e+00
-6.220447999999999983e-08 2.000000000000000000e+00
-6.122692999999999383e-08 3.000000000000000000e+00
-6.231813999999999424e-08 5.000000000000000000e+00
-6.007396999999999619e-08 6.000000000000000000e+00
-6.226088000000000555e-08 7.000000000000000000e+00
-6.294002999999999612e-08 9.000000000000000000e+00
-6.328646000000000275e-08 1.000000000000000000e+01
-6.062523000000000241e-08 1.200000000000000000e+01
-6.194508000000000215e-08 1.300000000000000000e+01
-6.164861999999999633e-08 1.400000000000000000e+01
-6.105353000000000103e-08 1.600000000000000000e+01
-6.071689999999999492e-08 1.700000000000000000e+01
-6.279420999999999382e-08 1.900000000000000000e+01
-5.962432000000000116e-08 2.000000000000000000e+01
-6.207038000000000130e-08 2.200000000000000000e+01
-6.303463000000000280e-08 2.300000000000000000e+01
-6.224462999999999374e-08 2.400000000000000000e+01
-6.168008000000000607e-08 2.600000000000000000e+01
-6.137294999999999371e-08 2.700000000000000000e+01
