-2.886874999999999918e-09 3.900000000030559022e-01
-3.053223000000000056e-09 1.790000000000873115e+00
-2.757578999999999996e-09 3.170000000001891749e+00
-2.881082999999999862e-09 4.570000000003346941e+00
-3.006615000000000169e-09 5.960000000002764864e+00
-2.939551000000000161e-09 7.350000000002182787e+00
-2.779376999999999841e-09 8.740000000001600711e+00
-3.077331000000000072e-09 1.014000000000305590e+01
-2.979715000000000189e-09 1.153000000000247383e+01
-2.899974999999999801e-09 1.292000000000189175e+01
-2.941082000000000163e-09 1.431000000000130967e+01
-2.996772999999999904e-09 1.569000000000232831e+01
-2.948921000000000099e-09 1.707000000000334694e+01
-2.705567000000000073e-09 1.847000000000116415e+01
-2.754237999999999976e-09 1.985000000000218279e+01
-3.068687999999999857e-09 2.125000000000000000e+01
-3.194022999999999818e-09 2.265000000000145519e+01
-3.179957000000000127e-09 2.403000000000247383e+01
-3.091997999999999852e-09 2.542000000000189175e+01
-2.722715999999999844e-09 2.681000000000130967e+01
-2.836035000000000123e-09 2.819000000000232831e+01
-2.892972000000000006e-09 2.959000000000014552e+01
-2.908975000000000080e-09 3.098000000000320142e+01
-2.743389999999999974e-09 3.238000000000101863e+01
-2.973066999999999821e-09 3.377000000000043656e+01
-2.921677999999999969e-09 3.515999999999985448e+01
-2.658078000000000176e-09 3.655000000000291038e+01
-2.849003000000000114e-09 3.794000000000232831e+01
-3.022760999999999918e-09 3.932000000000334694e+01
-2.859747999999999956e-09 4.072000000000116415e+01
-2.751824000000000154e-09 4.211000000000058208e+01
-3.043537999999999794e-09 4.350000000000000000e+01
-2.867484000000000145e-09 4.489000000000305590e+01
-2.995839999999999862e-09 4.628000000000247383e+01
-2.774738000000000060e-09 4.765999999999985448e+01
-2.797497000000000188e-09 4.906000000000130967e+01
-2.751239000000000202e-09 5.046000000000276486e+01
-2.839120999999999920e-09 5.184000000000014552e+01
-2.782829999999999995e-09 5.324000000000160071e+01
-2.852371999999999960e-09 5.465000000000145519e+01
-3.069881000000000062e-09 5.605000000000291038e+01
-2.986513999999999888e-09 5.745000000000072760e+01
-3.080211999999999868e-09 5.884000000000014552e+01
-2.911175999999999833e-09 6.024000000000160071e+01
-3.030328000000000002e-09 6.162000000000261934e+01
-2.866220000000000055e-09 6.303000000000247383e+01
-2.729332999999999843e-09 6.443000000000029104e+01
-2.934532999999999921e-09 6.582000000000334694e+01
-2.879525999999999844e-09 6.722000000000116415e+01
-2.809881000000000132e-09 6.860000000000218279e+01
-2.801642000000000074e-09 6.999000000000160071e+01
-2.744219999999999856e-09 7.137000000000261934e+01
-3.115146999999999810e-09 7.276000000000203727e+01
-2.910816000000000053e-09 7.415000000000145519e+01
-3.010667000000000187e-09 7.554000000000087311e+01
-2.844257000000000139e-09 7.694000000000232831e+01
-3.224733999999999920e-09 7.833000000000174623e+01
-2.975365999999999794e-09 7.973000000000320142e+01
-2.985968999999999866e-09 8.113000000000101863e+01
-2.836334999999999801e-09 8.251000000000203727e+01
-2.952612999999999924e-09 8.390999999999985448e+01
-2.925525999999999892e-09 8.530000000000291038e+01
-2.925081999999999805e-09 8.669000000000232831e+01
-2.951708000000000122e-09 8.808000000000174623e+01
-2.779488999999999975e-09 8.946000000000276486e+01
-2.916994999999999810e-09 9.086000000000058208e+01
-3.220756999999999821e-09 9.226000000000203727e+01
-2.986067999999999991e-09 9.364000000000305590e+01
-2.651895999999999876e-09 9.504000000000087311e+01
-5.379346000000000006e-09 9.643000000000029104e+01
-2.961562000000000076e-09 9.781000000000130967e+01
-3.011763000000000077e-09 9.921000000000276486e+01
-2.887920000000000094e-09 1.006000000000021828e+02
-3.074950999999999921e-09 1.019900000000016007e+02
-2.728411999999999904e-09 1.033700000000026193e+02
-2.871699000000000011e-09 1.047600000000020373e+02
-2.714938999999999821e-09 1.061500000000014552e+02
-2.853594999999999802e-09 1.075400000000008731e+02
-3.099036999999999956e-09 1.089400000000023283e+02
-2.743907000000000170e-09 1.103300000000017462e+02
-2.889455000000000131e-09 1.117100000000027649e+02
-2.815195000000000017e-09 1.131000000000021828e+02
-2.952151999999999795e-09 1.144900000000016007e+02
-2.656176000000000196e-09 1.158800000000010186e+02
-2.897424000000000147e-09 1.172600000000020373e+02
-2.828661999999999842e-09 1.186500000000014552e+02
-3.275087999999999889e-09 1.200400000000008731e+02
-2.992029000000000153e-09 1.214300000000002910e+02
-2.972601000000000166e-09 1.228200000000033469e+02
-2.910105999999999959e-09 1.242200000000011642e+02
-3.002669000000000025e-09 1.256100000000005821e+02
-3.044893999999999846e-09 1.270200000000004366e+02
-2.932498000000000144e-09 1.283900000000030559e+02
-3.074008000000000000e-09 1.297900000000008731e+02
-2.860837000000000096e-09 1.311800000000002910e+02
-3.099860000000000088e-09 1.325700000000033469e+02
-2.854260000000000026e-09 1.339700000000011642e+02
-2.993999999999999794e-09 1.353700000000026193e+02
-2.928642000000000153e-09 1.367600000000020373e+02
-2.728227000000000075e-09 1.381400000000030559e+02
-2.803666999999999972e-09 1.395300000000024738e+02
-2.928675999999999824e-09 1.409200000000018917e+02
-2.986958999999999880e-09 1.423100000000013097e+02
-2.833920999999999979e-09 1.437100000000027649e+02
-2.847643999999999933e-09 1.451100000000005821e+02
-2.771790999999999905e-09 1.464900000000016007e+02
-2.660844000000000123e-09 1.478900000000030559e+02
-2.959564000000000100e-09 1.492900000000008731e+02
-2.763992999999999804e-09 1.506800000000002910e+02
-2.684007999999999899e-09 1.520600000000013097e+02
-2.617111000000000187e-09 1.534500000000007276e+02
-2.826710000000000054e-09 1.548400000000001455e+02
-2.999219000000000001e-09 1.562500000000000000e+02
-2.700975999999999876e-09 1.577000000000007276e+02
-2.845370999999999976e-09 1.591000000000021828e+02
-2.948247999999999806e-09 1.604900000000016007e+02
-3.283861000000000185e-09 1.618700000000026193e+02
-3.140177000000000084e-09 1.632600000000020373e+02
-2.910721999999999867e-09 1.646500000000014552e+02
-2.695813000000000149e-09 1.660500000000029104e+02
-2.896548999999999982e-09 1.674400000000023283e+02
-2.896573000000000188e-09 1.688400000000001455e+02
-2.779154999999999798e-09 1.702200000000011642e+02
-2.958726000000000149e-09 1.716200000000026193e+02
-3.034846999999999994e-09 1.730200000000004366e+02
-3.005949000000000039e-09 1.744800000000032014e+02
-2.926785000000000042e-09 1.758700000000026193e+02
-2.802968000000000076e-09 1.772600000000020373e+02
-2.947792000000000030e-09 1.786500000000014552e+02
-2.843387999999999818e-09 1.800500000000029104e+02
-2.738841999999999836e-09 1.814400000000023283e+02
-2.844460999999999821e-09 1.828300000000017462e+02
-2.795737999999999884e-09 1.842200000000011642e+02
-2.942780000000000047e-09 1.856100000000005821e+02
-2.897520000000000144e-09 1.870000000000000000e+02
-3.177985000000000167e-09 1.883900000000030559e+02
-2.921373999999999842e-09 1.897800000000024738e+02
-2.790463000000000024e-09 1.911800000000002910e+02
-2.909804999999999962e-09 1.925700000000033469e+02
-3.349745999999999901e-09 1.939400000000023283e+02
-2.760497999999999911e-09 1.953400000000001455e+02
-2.955901000000000006e-09 1.967300000000032014e+02
-2.888127999999999811e-09 1.981100000000005821e+02
-2.861602999999999843e-09 1.995000000000000000e+02
-2.866904000000000133e-09 2.009000000000014552e+02
-3.431238999999999922e-09 2.022900000000008731e+02
-2.762494999999999982e-09 2.036800000000002910e+02
-2.807189000000000200e-09 2.050700000000033469e+02
-2.953838999999999895e-09 2.064500000000007276e+02
-2.862203999999999932e-09 2.078500000000021828e+02
-2.677816000000000134e-09 2.092400000000016007e+02
-2.938367999999999836e-09 2.106400000000030559e+02
-2.963450000000000142e-09 2.120200000000004366e+02
-3.023562999999999974e-09 2.134099999999998545e+02
-3.170051000000000141e-09 2.148000000000029104e+02
-2.906707000000000062e-09 2.162000000000007276e+02
-2.827850999999999813e-09 2.176000000000021828e+02
-2.655714000000000162e-09 2.189900000000016007e+02
-3.141294000000000051e-09 2.203800000000010186e+02
-2.700634000000000044e-09 2.217700000000004366e+02
-2.858971000000000011e-09 2.231599999999998545e+02
-2.817857999999999804e-09 2.245500000000029104e+02
-3.042074999999999961e-09 2.259200000000018917e+02
-3.124956999999999800e-09 2.273200000000033469e+02
-2.796717000000000114e-09 2.287000000000007276e+02
-2.958893000000000031e-09 2.301000000000021828e+02
-2.931935000000000174e-09 2.315000000000000000e+02
-2.899001999999999829e-09 2.329000000000014552e+02
-3.293441000000000063e-09 2.342800000000024738e+02
-2.849584999999999936e-09 2.356800000000002910e+02
-2.706213999999999936e-09 2.370700000000033469e+02
-2.750376000000000140e-09 2.384600000000027649e+02
-3.122081999999999849e-09 2.398500000000021828e+02
-2.909437000000000114e-09 2.412400000000016007e+02
-2.972122999999999995e-09 2.426200000000026193e+02
-2.838683000000000091e-09 2.440200000000004366e+02
-2.986468000000000114e-09 2.454000000000014552e+02
-2.870556000000000029e-09 2.468000000000029104e+02
-2.843188000000000170e-09 2.482000000000007276e+02
-2.872158999999999821e-09 2.495800000000017462e+02
-2.837344999999999987e-09 2.509700000000011642e+02
-3.049399999999999830e-09 2.523700000000026193e+02
-2.924953000000000043e-09 2.537600000000020373e+02
-2.956480000000000114e-09 2.551500000000014552e+02
-2.959361999999999815e-09 2.565500000000029104e+02
-2.638608999999999940e-09 2.579400000000023283e+02
-2.719263000000000105e-09 2.593500000000021828e+02
-2.768390000000000198e-09 2.607200000000011642e+02
-2.824345000000000135e-09 2.621200000000026193e+02
-3.056529000000000085e-09 2.635100000000020373e+02
-3.324616000000000010e-09 2.649000000000014552e+02
-2.913654000000000204e-09 2.663500000000021828e+02
-2.705396000000000157e-09 2.677500000000000000e+02
-2.972695999999999844e-09 2.691500000000014552e+02
-2.780134999999999933e-09 2.705300000000024738e+02
-3.002630999999999906e-09 2.719200000000018917e+02
-3.057974999999999875e-09 2.733200000000033469e+02
-2.966107999999999990e-09 2.747100000000027649e+02
-2.994704999999999948e-09 2.761000000000021828e+02
-2.846612000000000178e-09 2.774800000000032014e+02
-2.877195999999999915e-09 2.788800000000010186e+02
-3.107053000000000065e-09 2.802800000000024738e+02
-2.968772000000000096e-09 2.816800000000002910e+02
-2.811461999999999943e-09 2.830700000000033469e+02
-3.053136000000000033e-09 2.844600000000027649e+02
-2.736070000000000045e-09 2.858600000000005821e+02
-3.124290000000000178e-09 2.872500000000000000e+02
-2.981658999999999909e-09 2.886400000000030559e+02
-2.751663000000000117e-09 2.900300000000024738e+02
-2.812865000000000088e-09 2.914099999999998545e+02
-2.601529999999999804e-09 2.928000000000029104e+02
-3.117198000000000137e-09 2.941900000000023283e+02
-2.858171000000000180e-09 2.955900000000001455e+02
-2.761945999999999925e-09 2.969800000000032014e+02
-2.692294999999999955e-09 2.983800000000010186e+02
-2.846636999999999876e-09 2.997700000000004366e+02
-2.798275000000000038e-09 3.011599999999998545e+02
-2.755402000000000035e-09 3.025600000000013097e+02
-2.784035999999999794e-09 3.039600000000027649e+02
-2.688948000000000091e-09 3.053600000000005821e+02
-3.014189999999999907e-09 3.067600000000020373e+02
-2.934431999999999985e-09 3.081400000000030559e+02
-3.122006999999999929e-09 3.095300000000024738e+02
-3.176014000000000113e-09 3.109400000000023283e+02
-2.751165000000000187e-09 3.123200000000033469e+02
-2.801630999999999876e-09 3.137100000000027649e+02
-2.654834000000000058e-09 3.150900000000001455e+02
-2.664116000000000067e-09 3.164900000000016007e+02
-2.846374999999999903e-09 3.179000000000014552e+02
-2.776531999999999941e-09 3.193000000000029104e+02
-2.775463999999999878e-09 3.206900000000023283e+02
-2.887623000000000131e-09 3.220800000000017462e+02
-2.959195999999999838e-09 3.234700000000011642e+02
-2.808102000000000071e-09 3.248600000000005821e+02
-2.771148000000000076e-09 3.262600000000020373e+02
-3.009356999999999910e-09 3.276500000000014552e+02
-2.791790999999999836e-09 3.290300000000024738e+02
-2.816984999999999863e-09 3.304300000000002910e+02
-2.877002000000000112e-09 3.318200000000033469e+02
-3.012745999999999928e-09 3.332100000000027649e+02
-2.895771000000000132e-09 3.346000000000021828e+02
-2.657531999999999835e-09 3.359900000000016007e+02
-2.767986999999999946e-09 3.373800000000010186e+02
-2.876379999999999946e-09 3.387700000000004366e+02
-3.062479000000000049e-09 3.401500000000014552e+02
-2.893496999999999857e-09 3.415500000000029104e+02
-2.776320000000000190e-09 3.429400000000023283e+02
-3.150035999999999978e-09 3.443300000000017462e+02
-2.880981000000000021e-09 3.457300000000032014e+02
-2.857698999999999853e-09 3.471200000000026193e+02
-2.750599999999999993e-09 3.485100000000020373e+02
-2.687993999999999972e-09 3.499099999999998545e+02
-2.783340000000000027e-09 3.513100000000013097e+02
-2.960488000000000169e-09 3.527000000000007276e+02
-2.763976000000000176e-09 3.540900000000001455e+02
-2.758160999999999819e-09 3.554900000000016007e+02
-2.939679000000000018e-09 3.568700000000026193e+02
-2.838604000000000137e-09 3.582700000000004366e+02
-2.861579999999999956e-09 3.596700000000018917e+02
-3.075321999999999898e-09 3.610500000000029104e+02
-3.275130999999999947e-09 3.624500000000007276e+02
-2.748052999999999961e-09 3.638500000000021828e+02
-2.989993999999999963e-09 3.652300000000032014e+02
-3.079503000000000093e-09 3.666200000000026193e+02
-2.995428999999999955e-09 3.680100000000020373e+02
-2.911666000000000107e-09 3.694400000000023283e+02
-2.790097999999999892e-09 3.708400000000001455e+02
-2.613836000000000113e-09 3.722200000000011642e+02
-3.019339000000000134e-09 3.736200000000026193e+02
-2.798956999999999892e-09 3.750100000000020373e+02
-2.782390999999999848e-09 3.764000000000014552e+02
-2.652818000000000134e-09 3.777900000000008731e+02
-2.877163000000000149e-09 3.791800000000002910e+02
-2.657317999999999860e-09 3.805700000000033469e+02
-2.764969999999999810e-09 3.819800000000032014e+02
-2.712533000000000067e-09 3.833800000000010186e+02
-3.275072000000000165e-09 3.847600000000020373e+02
-2.700823999999999813e-09 3.861500000000014552e+02
-3.007830999999999847e-09 3.875300000000024738e+02
-2.703478999999999945e-09 3.889099999999998545e+02
-2.853077000000000114e-09 3.903100000000013097e+02
-2.725602999999999899e-09 3.917000000000007276e+02
-2.976664999999999874e-09 3.930900000000001455e+02
-2.870355000000000062e-09 3.944900000000016007e+02
-2.847188000000000157e-09 3.958900000000030559e+02
-3.109102000000000168e-09 3.972800000000024738e+02
-3.062012000000000076e-09 3.986800000000002910e+02
-2.983691999999999875e-09 4.000700000000033469e+02
-3.002080999999999944e-09 4.014500000000007276e+02
-2.918633999999999912e-09 4.028500000000021828e+02
-2.886211999999999918e-09 4.042400000000016007e+02
-3.084348000000000194e-09 4.056200000000026193e+02
-3.008596000000000102e-09 4.070100000000020373e+02
-3.016487000000000070e-09 4.084000000000014552e+02
-2.940109000000000192e-09 4.097900000000008731e+02
-2.849048999999999888e-09 4.111900000000023283e+02
-2.864759999999999938e-09 4.125900000000001455e+02
-2.851618999999999808e-09 4.139700000000011642e+02
-2.844733999999999991e-09 4.153700000000026193e+02
-2.790515000000000057e-09 4.167400000000016007e+02
