-3.019949999999999854e-08 0.000000000000000000e+00
-2.897969999999999909e-08 1.000000000000000000e+00
-3.059111000000000108e-08 3.000000000000000000e+00
-2.973773000000000128e-08 4.000000000000000000e+00
-3.095774999999999807e-08 5.000000000000000000e+00
-2.948651000000000057e-08 7.000000000000000000e+00
-3.074513999999999998e-08 8.000000000000000000e+00
-3.002814999999999748e-08 1.000000000000000000e+01
-3.027727000000000044e-08 1.100000000000000000e+01
-3.020995999999999770e-08 1.200000000000000000e+01
-2.953347000000000141e-08 1.400000000000000000e+01
-3.012341000000000279e-08 1.500000000000000000e+01
-2.865266999999999924e-08 1.600000000000000000e+01
-2.992337000000000148e-08 1.800000000000000000e+01
-2.998123000000000277e-08 1.900000000000000000e+01
-3.050419999999999729e-08 2.100000000000000000e+01
-2.995548000000000004e-08 2.200000000000000000e+01
-2.984756000000000234e-08 2.300000000000000000e+01
-2.982067999999999674e-08 2.500000000000000000e+01
-2.986091999999999949e-08 2.600000000000000000e+01
