-7.174825999999999890e-10 1.000000000000000000e+00
-7.217326999999999803e-10 2.000000000000000000e+00
-7.334440999999999654e-10 3.000000000000000000e+00
-7.212453000000000178e-10 5.000000000000000000e+00
-8.259802000000000383e-10 6.000000000000000000e+00
-7.243152999999999875e-10 8.000000000000000000e+00
-7.108411999999999668e-10 9.000000000000000000e+00
-7.248047999999999991e-10 1.000000000000000000e+01
-7.382683999999999815e-10 1.200000000000000000e+01
-7.119280999999999540e-10 1.300000000000000000e+01
-7.325866000000000022e-10 1.500000000000000000e+01
-6.949875999999999545e-10 1.600000000000000000e+01
-7.099326999999999797e-10 1.700000000000000000e+01
-7.356783999999999935e-10 1.900000000000000000e+01
-7.552246000000000227e-10 2.000000000000000000e+01
-7.123623000000000186e-10 2.200000000000000000e+01
-7.136991999999999791e-10 2.300000000000000000e+01
-7.594501000000000304e-10 2.400000000000000000e+01
-7.171908999999999578e-10 2.500000000000000000e+01
-7.217709999999999884e-10 2.700000000000000000e+01
