-1.816265999999999940e-09 3.990000000003419700e-01
-2.158744999999999870e-09 1.786000000000058208e+00
-1.815408999999999929e-09 3.177999999999883585e+00
-1.862989999999999995e-09 4.567000000000007276e+00
-1.886868999999999805e-09 5.960000000000036380e+00
-2.101921000000000025e-09 7.337000000000443833e+00
-1.803297000000000044e-09 8.730999999999767169e+00
-1.823359000000000093e-09 1.012300000000050204e+01
-1.782192000000000043e-09 1.152500000000054570e+01
-1.954790999999999935e-09 1.293000000000029104e+01
-1.848567999999999939e-09 1.433300000000053842e+01
-1.874748000000000152e-09 1.573099999999976717e+01
-1.867090999999999917e-09 1.710900000000037835e+01
-2.073189000000000046e-09 1.851000000000021828e+01
-1.822060000000000013e-09 1.990999999999985448e+01
-1.802084999999999987e-09 2.130699999999978900e+01
-1.886544000000000015e-09 2.269900000000052387e+01
-2.023451999999999890e-09 2.408500000000003638e+01
-1.888275999999999984e-09 2.548000000000047294e+01
-1.730883000000000050e-09 2.688400000000001455e+01
-1.941861999999999968e-09 2.827500000000054570e+01
-1.788170999999999945e-09 2.966100000000005821e+01
-1.770288000000000081e-09 3.105200000000058935e+01
-2.054033999999999816e-09 3.244099999999980355e+01
-1.911594000000000047e-09 3.383200000000033469e+01
-1.818016000000000063e-09 3.521299999999973807e+01
-1.939815000000000089e-09 3.661000000000058208e+01
-1.845760999999999950e-09 3.800399999999990541e+01
-2.097281999999999831e-09 3.939599999999973079e+01
-1.813074000000000061e-09 4.078400000000056025e+01
-1.840015999999999987e-09 4.216700000000037107e+01
-1.951113000000000022e-09 4.354899999999997817e+01
-1.851825999999999970e-09 4.494200000000000728e+01
-1.850290000000000028e-09 4.633100000000013097e+01
-1.937347000000000010e-09 4.772299999999995634e+01
-2.058537999999999990e-09 4.910000000000036380e+01
-1.915421999999999799e-09 5.048800000000028376e+01
-1.941697999999999802e-09 5.188000000000010914e+01
-1.744100999999999910e-09 5.326100000000042201e+01
-2.040559999999999827e-09 5.465499999999974534e+01
-1.900096999999999958e-09 5.604700000000048021e+01
-1.910900999999999996e-09 5.744500000000061846e+01
-1.978411999999999806e-09 5.883700000000044383e+01
-1.787664999999999947e-09 6.022500000000036380e+01
-2.093146999999999824e-09 6.162899999999990541e+01
-1.962327000000000062e-09 6.302199999999993452e+01
-1.883321999999999879e-09 6.442000000000007276e+01
-1.787236000000000093e-09 6.581800000000021100e+01
-1.852011999999999911e-09 6.721000000000003638e+01
-1.835411999999999989e-09 6.861200000000008004e+01
-1.773012999999999986e-09 6.998700000000008004e+01
-1.954132999999999873e-09 7.138900000000012369e+01
-1.865964999999999977e-09 7.278700000000026193e+01
-2.036597000000000055e-09 7.417600000000038563e+01
-1.942917000000000023e-09 7.556700000000000728e+01
-1.913670000000000072e-09 7.696600000000034925e+01
-1.984589000000000166e-09 7.836599999999998545e+01
-1.848203999999999918e-09 7.975600000000031287e+01
-1.878596000000000075e-09 8.114800000000013824e+01
-1.875438999999999980e-09 8.254700000000048021e+01
-1.839123999999999987e-09 8.392299999999977445e+01
-2.003079000000000172e-09 8.532000000000061846e+01
-1.884485000000000033e-09 8.671100000000024011e+01
-1.929739999999999997e-09 8.810800000000017462e+01
-1.963198000000000193e-09 8.949899999999979627e+01
-1.875966000000000054e-09 9.088700000000062573e+01
-1.963876000000000012e-09 9.227500000000054570e+01
-1.805683000000000040e-09 9.366899999999986903e+01
-1.892978999999999900e-09 9.506599999999980355e+01
-1.758134999999999947e-09 9.646399999999994179e+01
-1.783762999999999975e-09 9.785599999999976717e+01
-1.807609999999999923e-09 9.924899999999979627e+01
-2.064159000000000130e-09 1.006390000000001237e+02
-2.094444000000000093e-09 1.020240000000003420e+02
-1.887188000000000163e-09 1.034239999999999782e+02
-1.876259999999999888e-09 1.048230000000003201e+02
-1.911738000000000042e-09 1.062139999999999418e+02
-1.893933999999999924e-09 1.076109999999998763e+02
-1.867984999999999935e-09 1.089970000000002983e+02
-1.804304000000000101e-09 1.103919999999998254e+02
-1.857341000000000028e-09 1.117970000000004802e+02
-1.880171000000000041e-09 1.131900000000005093e+02
-1.902647000000000120e-09 1.145789999999997235e+02
-1.886775999999999937e-09 1.159660000000003492e+02
-2.243550000000000178e-09 1.173600000000005821e+02
-1.855729000000000055e-09 1.187539999999999054e+02
-1.932203000000000136e-09 1.201350000000002183e+02
-1.910120999999999922e-09 1.215380000000004657e+02
-1.859099999999999918e-09 1.229390000000003056e+02
-2.128994000000000145e-09 1.243420000000005530e+02
-2.079966000000000177e-09 1.257430000000003929e+02
-2.024045999999999816e-09 1.271300000000001091e+02
-1.854663000000000009e-09 1.285190000000002328e+02
-1.988738999999999991e-09 1.299149999999999636e+02
-1.838393999999999928e-09 1.313079999999999927e+02
-1.999498000000000161e-09 1.326990000000005239e+02
-1.861070999999999973e-09 1.341000000000003638e+02
-1.809377000000000089e-09 1.354840000000003783e+02
-2.044715000000000006e-09 1.368710000000000946e+02
-1.961532000000000170e-09 1.382560000000003129e+02
-2.106501999999999929e-09 1.396450000000004366e+02
-2.043001999999999890e-09 1.410370000000002619e+02
-1.935353999999999974e-09 1.424430000000002110e+02
-1.784262999999999921e-09 1.438389999999999418e+02
-1.734386000000000012e-09 1.452330000000001746e+02
-2.185451999999999951e-09 1.466390000000001237e+02
-2.123102999999999963e-09 1.480299999999997453e+02
-1.951168000000000184e-09 1.494239999999999782e+02
-1.927231000000000084e-09 1.508079999999999927e+02
-1.989869999999999871e-09 1.522020000000002256e+02
-1.862228000000000075e-09 1.535940000000000509e+02
-1.759829999999999909e-09 1.549859999999998763e+02
-1.976652000000000010e-09 1.563720000000002983e+02
-1.792765000000000064e-09 1.577700000000004366e+02
-2.132593000000000103e-09 1.591580000000003565e+02
-1.867623999999999836e-09 1.605489999999999782e+02
-1.825204000000000101e-09 1.619440000000004147e+02
-1.954257000000000110e-09 1.633730000000005020e+02
-1.933917000000000157e-09 1.647629999999999200e+02
-2.051267999999999869e-09 1.661540000000004511e+02
-2.055963000000000131e-09 1.675540000000000873e+02
-1.816651000000000037e-09 1.689420000000000073e+02
-2.069010999999999981e-09 1.703310000000001310e+02
-1.840000999999999962e-09 1.717080000000005384e+02
-1.984153000000000148e-09 1.730979999999999563e+02
-1.894832999999999882e-09 1.744870000000000800e+02
-2.118172000000000159e-09 1.758789999999999054e+02
-2.020462000000000090e-09 1.772600000000002183e+02
-1.860065000000000028e-09 1.786530000000002474e+02
-2.207833999999999843e-09 1.800420000000003711e+02
-1.849651999999999932e-09 1.814189999999998690e+02
-1.827778000000000055e-09 1.828170000000000073e+02
-1.741086999999999904e-09 1.842150000000001455e+02
-1.795315999999999924e-09 1.856059999999997672e+02
-1.844124999999999978e-09 1.869880000000002838e+02
-1.874474000000000076e-09 1.883760000000002037e+02
-2.043537999999999938e-09 1.897680000000000291e+02
-1.841398999999999961e-09 1.911570000000001528e+02
-1.892101999999999925e-09 1.925550000000002910e+02
-1.934547999999999884e-09 1.939470000000001164e+02
-1.896348000000000160e-09 1.953510000000005675e+02
-1.852447000000000024e-09 1.967530000000006112e+02
-1.987137000000000104e-09 1.981280000000006112e+02
-1.865118000000000052e-09 1.995299999999997453e+02
-1.781629999999999978e-09 2.009279999999998836e+02
-1.802265000000000083e-09 2.023110000000006039e+02
-1.959706000000000015e-09 2.037070000000003347e+02
-2.058101000000000067e-09 2.051050000000004729e+02
-1.784910999999999897e-09 2.064970000000002983e+02
-1.926541000000000161e-09 2.078950000000004366e+02
-1.990776999999999897e-09 2.092870000000002619e+02
-1.787729999999999988e-09 2.106810000000004948e+02
-2.040068000000000156e-09 2.120700000000006185e+02
-1.894513999999999937e-09 2.134560000000001310e+02
-1.748952000000000063e-09 2.148500000000003638e+02
-1.979958000000000040e-09 2.162430000000003929e+02
-1.923610000000000143e-09 2.176340000000000146e+02
-1.872804999999999924e-09 2.190290000000004511e+02
-1.953180999999999978e-09 2.204260000000003856e+02
-1.791535999999999964e-09 2.218130000000001019e+02
-1.930760000000000062e-09 2.231980000000003201e+02
-1.868389999999999997e-09 2.245929999999998472e+02
-1.927470000000000169e-09 2.259750000000003638e+02
-1.864395999999999855e-09 2.273590000000003783e+02
-2.084460999999999963e-09 2.287440000000005966e+02
-2.001619999999999960e-09 2.301390000000001237e+02
-1.878278999999999941e-09 2.315250000000005457e+02
-1.865723000000000176e-09 2.329059999999999491e+02
-2.024105999999999917e-09 2.343010000000003856e+02
-1.844558000000000073e-09 2.356999999999998181e+02
-2.116699000000000034e-09 2.370910000000003492e+02
-1.826271999999999957e-09 2.384790000000002692e+02
-1.951991999999999808e-09 2.398730000000005020e+02
-1.866034000000000052e-09 2.412709999999997308e+02
-1.859884000000000026e-09 2.426590000000005602e+02
-1.947177000000000172e-09 2.440500000000001819e+02
-1.802612000000000061e-09 2.454510000000000218e+02
-2.019777000000000107e-09 2.468379999999997381e+02
-1.804298999999999954e-09 2.482330000000001746e+02
-1.983520000000000198e-09 2.496190000000005966e+02
-1.886372000000000194e-09 2.510200000000004366e+02
-1.929918999999999982e-09 2.524250000000001819e+02
-1.884398000000000010e-09 2.538159999999998035e+02
-1.980922000000000038e-09 2.552080000000005384e+02
-1.930598000000000120e-09 2.565969999999997526e+02
-1.970590999999999818e-09 2.580020000000004075e+02
-1.774454000000000043e-09 2.593969999999999345e+02
-1.953699000000000079e-09 2.607820000000001528e+02
-1.863237000000000149e-09 2.621890000000003056e+02
-1.889745999999999980e-09 2.635810000000001310e+02
-1.883384000000000204e-09 2.649710000000004584e+02
-2.004916000000000110e-09 2.663630000000002838e+02
-1.842857000000000060e-09 2.677489999999997963e+02
-1.828812000000000033e-09 2.691469999999999345e+02
-1.776474999999999906e-09 2.705489999999999782e+02
-1.992596999999999794e-09 2.719369999999998981e+02
-1.916337999999999799e-09 2.733360000000002401e+02
-2.031738999999999946e-09 2.747200000000002547e+02
-1.933900000000000115e-09 2.761120000000000800e+02
-1.909455000000000206e-09 2.774960000000000946e+02
-1.969132999999999925e-09 2.788850000000002183e+02
-1.967392999999999888e-09 2.802780000000002474e+02
-2.031280000000000041e-09 2.816720000000004802e+02
-1.831111000000000006e-09 2.830540000000000873e+02
-2.080549999999999810e-09 2.844409999999998035e+02
-2.050801999999999801e-09 2.858310000000001310e+02
-1.791531000000000025e-09 2.872319999999999709e+02
-1.959710999999999955e-09 2.886289999999999054e+02
-2.069949999999999867e-09 2.900240000000003420e+02
-1.888252000000000192e-09 2.914170000000003711e+02
-1.865586999999999836e-09 2.928079999999999927e+02
-2.738717000000000108e-09 2.942010000000000218e+02
-1.813386999999999954e-09 2.956000000000003638e+02
-1.944637999999999794e-09 2.969870000000000800e+02
-1.981154999999999865e-09 2.983730000000005020e+02
-1.757068999999999901e-09 2.997660000000005311e+02
-1.797729999999999953e-09 3.011680000000005748e+02
-1.955688000000000082e-09 3.025590000000001965e+02
-1.915434999999999807e-09 3.039510000000000218e+02
-2.020501000000000114e-09 3.053420000000005530e+02
-1.889153999999999864e-09 3.067309999999997672e+02
-2.135734000000000061e-09 3.081239999999997963e+02
-1.863845999999999893e-09 3.095150000000003274e+02
-1.925809000000000086e-09 3.109080000000003565e+02
-1.927902000000000153e-09 3.122960000000002765e+02
-1.877374000000000139e-09 3.136970000000001164e+02
-2.003870999999999935e-09 3.150789999999997235e+02
-1.867378999999999906e-09 3.164639999999999418e+02
-1.864843999999999976e-09 3.178569999999999709e+02
-1.908920000000000063e-09 3.192449999999998909e+02
-1.769130999999999978e-09 3.206350000000002183e+02
-1.964775999999999875e-09 3.220370000000002619e+02
-1.927803000000000027e-09 3.234250000000001819e+02
-1.829913000000000069e-09 3.248170000000000073e+02
-1.824836999999999951e-09 3.262030000000004293e+02
-1.946237999999999871e-09 3.276050000000004729e+02
-1.913461000000000037e-09 3.289850000000005821e+02
-1.809929999999999973e-09 3.303750000000000000e+02
-1.922277999999999884e-09 3.317620000000006257e+02
-1.787269999999999971e-09 3.331509999999998399e+02
-1.873654999999999978e-09 3.345340000000005602e+02
-1.915380999999999964e-09 3.359250000000001819e+02
-2.001779000000000186e-09 3.373190000000004147e+02
-1.906351999999999953e-09 3.387150000000001455e+02
-1.848597000000000084e-09 3.401080000000001746e+02
-1.802291000000000099e-09 3.415129999999999200e+02
-2.136323999999999953e-09 3.429090000000005602e+02
-1.979828999999999864e-09 3.442970000000004802e+02
-2.060776999999999862e-09 3.456860000000006039e+02
-1.938022000000000114e-09 3.470770000000002256e+02
-1.987936000000000031e-09 3.484760000000005675e+02
-1.870975000000000149e-09 3.498640000000004875e+02
-1.860006000000000039e-09 3.512550000000001091e+02
-1.795548999999999959e-09 3.526480000000001382e+02
-1.862850999999999940e-09 3.540330000000003565e+02
-1.778726999999999993e-09 3.554239999999999782e+02
-1.740798000000000010e-09 3.568190000000004147e+02
-1.972220000000000041e-09 3.582210000000004584e+02
-1.861393000000000047e-09 3.596210000000000946e+02
-1.825327999999999924e-09 3.610110000000004220e+02
-1.920201999999999859e-09 3.623919999999998254e+02
-1.811750000000000077e-09 3.637799999999997453e+02
-1.872068999999999814e-09 3.651790000000000873e+02
-1.996289999999999938e-09 3.665799999999999272e+02
-1.946870999999999821e-09 3.679800000000004729e+02
-1.827235000000000050e-09 3.693670000000001892e+02
-1.896023999999999862e-09 3.707579999999998108e+02
-1.882684999999999894e-09 3.721570000000001528e+02
-2.116040000000000067e-09 3.735479999999997744e+02
-1.916596000000000151e-09 3.749459999999999127e+02
-2.113078000000000093e-09 3.763320000000003347e+02
-1.865550000000000036e-09 3.777179999999998472e+02
-2.061925000000000198e-09 3.791069999999999709e+02
-1.953388000000000203e-09 3.805039999999999054e+02
-1.857901999999999981e-09 3.819059999999999491e+02
-1.813899000000000004e-09 3.833100000000004002e+02
-1.891521999999999912e-09 3.847080000000005384e+02
-1.761196999999999952e-09 3.860940000000000509e+02
-2.320203000000000037e-09 3.874760000000005675e+02
-2.189494000000000091e-09 3.888750000000000000e+02
-2.014491000000000049e-09 3.902709999999997308e+02
-1.964296999999999798e-09 3.916680000000005748e+02
-1.778668999999999909e-09 3.930700000000006185e+02
-1.938917000000000037e-09 3.944650000000001455e+02
-1.923762000000000206e-09 3.958569999999999709e+02
-1.872711000000000152e-09 3.972669999999998254e+02
-1.742580999999999899e-09 3.986590000000005602e+02
-1.888559999999999939e-09 4.000569999999997890e+02
-1.952135999999999803e-09 4.014549999999999272e+02
-2.017728000000000004e-09 4.028510000000005675e+02
-1.933442000000000115e-09 4.042390000000004875e+02
-1.979662999999999888e-09 4.056360000000004220e+02
-1.857690000000000024e-09 4.070299999999997453e+02
-1.989136999999999890e-09 4.084160000000001673e+02
-1.881502999999999887e-09 4.098020000000005894e+02
-1.966623000000000106e-09 4.111930000000002110e+02
-1.964723999999999842e-09 4.125850000000000364e+02
-1.832611000000000053e-09 4.139760000000005675e+02
-1.849622999999999993e-09 4.153739999999997963e+02
-1.935009000000000013e-09 4.167770000000000437e+02
