-4.300635000000000049e-08 0.000000000000000000e+00
-4.330373000000000179e-08 2.000000000000000000e+00
-4.341112000000000260e-08 3.000000000000000000e+00
-4.301696999999999771e-08 4.000000000000000000e+00
-4.309506999999999892e-08 6.000000000000000000e+00
-4.346945999999999808e-08 7.000000000000000000e+00
-4.318561999999999836e-08 9.000000000000000000e+00
-4.307858999999999982e-08 1.000000000000000000e+01
-4.317403999999999953e-08 1.100000000000000000e+01
-4.317899999999999906e-08 1.300000000000000000e+01
-4.351095000000000224e-08 1.400000000000000000e+01
-4.334330999999999929e-08 1.500000000000000000e+01
-4.350738000000000243e-08 1.700000000000000000e+01
-4.331322000000000276e-08 1.800000000000000000e+01
-4.377507000000000236e-08 1.900000000000000000e+01
-4.305813999999999913e-08 2.100000000000000000e+01
-4.292988000000000272e-08 2.200000000000000000e+01
-4.333362000000000075e-08 2.400000000000000000e+01
-4.350082000000000240e-08 2.500000000000000000e+01
-4.317168999999999818e-08 2.600000000000000000e+01
-4.323761000000000120e-08 2.800000000000000000e+01
-4.352070000000000006e-08 2.900000000000000000e+01
-4.307114999999999721e-08 3.000000000000000000e+01
-4.320743999999999902e-08 3.200000000000000000e+01
-4.330875000000000060e-08 3.300000000000000000e+01
-4.307397000000000279e-08 3.500000000000000000e+01
-4.324050999999999919e-08 3.600000000000000000e+01
-4.314729999999999885e-08 3.800000000000000000e+01
-4.346192999999999986e-08 3.900000000000000000e+01
-4.357113999999999850e-08 4.000000000000000000e+01
-4.346135999999999683e-08 4.200000000000000000e+01
-4.352787000000000263e-08 4.300000000000000000e+01
-4.289728999999999673e-08 4.400000000000000000e+01
-4.274792999999999757e-08 4.600000000000000000e+01
-4.323512000000000155e-08 4.700000000000000000e+01
-4.395910000000000219e-08 4.900000000000000000e+01
-4.320817000000000011e-08 5.000000000000000000e+01
-4.354088999999999728e-08 5.100000000000000000e+01
-4.371348999999999977e-08 5.300000000000000000e+01
-4.377860000000000266e-08 5.400000000000000000e+01
-4.379195999999999981e-08 5.500000000000000000e+01
-4.308175000000000128e-08 5.700000000000000000e+01
-4.296988999999999832e-08 5.800000000000000000e+01
-4.336842000000000315e-08 6.000000000000000000e+01
-4.322138000000000238e-08 6.100000000000000000e+01
-4.356121999999999942e-08 6.200000000000000000e+01
-4.314446000000000013e-08 6.400000000000000000e+01
-4.276590000000000180e-08 6.500000000000000000e+01
-4.327483000000000079e-08 6.600000000000000000e+01
-4.326483000000000268e-08 6.800000000000000000e+01
