-6.075144999999999704e-09 0.000000000000000000e+00
-7.153824000000000049e-09 2.000000000000000000e+00
-7.391844000000000019e-09 3.000000000000000000e+00
-7.500772000000000576e-09 4.000000000000000000e+00
-6.722573999999999909e-09 6.000000000000000000e+00
-7.075804000000000353e-09 7.000000000000000000e+00
-7.120438000000000057e-09 8.000000000000000000e+00
-8.005078999999999918e-09 1.000000000000000000e+01
-7.975442999999999215e-09 1.100000000000000000e+01
-7.221456999999999871e-09 1.300000000000000000e+01
-7.635485999999999621e-09 1.400000000000000000e+01
-7.866939000000000641e-09 1.500000000000000000e+01
-7.595173000000000072e-09 1.700000000000000000e+01
-7.243660000000000192e-09 1.800000000000000000e+01
-7.823105000000000356e-09 2.000000000000000000e+01
-6.839662000000000157e-09 2.100000000000000000e+01
-7.591646999999999396e-09 2.200000000000000000e+01
-6.560775000000000229e-09 2.400000000000000000e+01
-7.750603000000000227e-09 2.500000000000000000e+01
-8.227340000000000667e-09 2.700000000000000000e+01
