-5.299665000000000021e-10 0.000000000000000000e+00
-5.277813000000000125e-10 2.000000000000000000e+00
-5.113719000000000506e-10 3.000000000000000000e+00
-5.149843000000000411e-10 5.000000000000000000e+00
-5.150861000000000252e-10 6.000000000000000000e+00
-5.210794000000000401e-10 7.000000000000000000e+00
-5.377098999999999652e-10 9.000000000000000000e+00
-5.136238000000000022e-10 1.000000000000000000e+01
-5.092810000000000325e-10 1.100000000000000000e+01
-5.199804000000000214e-10 1.300000000000000000e+01
-5.134124000000000292e-10 1.400000000000000000e+01
-5.330487999999999636e-10 1.600000000000000000e+01
-5.251455000000000039e-10 1.700000000000000000e+01
-5.370942999999999782e-10 1.800000000000000000e+01
-5.313623000000000232e-10 2.000000000000000000e+01
-5.288606999999999871e-10 2.100000000000000000e+01
-5.157910000000000441e-10 2.200000000000000000e+01
-5.045838000000000004e-10 2.400000000000000000e+01
-5.109735000000000243e-10 2.500000000000000000e+01
-5.064908000000000228e-10 2.700000000000000000e+01
-5.435678000000000386e-10 2.800000000000000000e+01
-5.226905999999999652e-10 2.900000000000000000e+01
-5.222994999999999912e-10 3.100000000000000000e+01
-5.200038000000000360e-10 3.200000000000000000e+01
-5.200576000000000219e-10 3.400000000000000000e+01
-5.356530999999999605e-10 3.500000000000000000e+01
-5.268543000000000218e-10 3.700000000000000000e+01
-5.204226999999999797e-10 3.800000000000000000e+01
-5.202902999999999605e-10 3.900000000000000000e+01
-5.183226000000000274e-10 4.100000000000000000e+01
