-3.010638000000000145e-10 0.000000000000000000e+00
-3.023090000000000052e-10 2.000000000000000000e+00
-2.982165000000000010e-10 3.000000000000000000e+00
-2.931257000000000252e-10 5.000000000000000000e+00
-2.876126000000000042e-10 6.000000000000000000e+00
-2.965795000000000200e-10 7.000000000000000000e+00
-2.813910000000000057e-10 9.000000000000000000e+00
-2.998742000000000148e-10 1.000000000000000000e+01
-2.761837000000000127e-10 1.100000000000000000e+01
-2.951646000000000108e-10 1.300000000000000000e+01
-2.921047999999999837e-10 1.400000000000000000e+01
-2.776685000000000219e-10 1.600000000000000000e+01
-2.860570000000000183e-10 1.700000000000000000e+01
-2.806335000000000215e-10 1.800000000000000000e+01
-2.946883999999999995e-10 2.000000000000000000e+01
-2.788535000000000028e-10 2.100000000000000000e+01
-2.981226000000000020e-10 2.200000000000000000e+01
-3.004089999999999911e-10 2.400000000000000000e+01
-2.865010000000000015e-10 2.500000000000000000e+01
-2.806513000000000088e-10 2.700000000000000000e+01
-2.905874000000000258e-10 2.800000000000000000e+01
-2.985881999999999947e-10 2.900000000000000000e+01
-2.848419000000000067e-10 3.100000000000000000e+01
-2.820052000000000117e-10 3.200000000000000000e+01
-2.798566999999999855e-10 3.300000000000000000e+01
-2.869566999999999920e-10 3.500000000000000000e+01
-3.026645999999999849e-10 3.600000000000000000e+01
-3.192677999999999963e-10 3.800000000000000000e+01
-3.086581999999999919e-10 3.900000000000000000e+01
-2.989128999999999987e-10 4.000000000000000000e+01
-3.054375000000000115e-10 4.200000000000000000e+01
-3.058895999999999918e-10 4.300000000000000000e+01
-2.937476999999999843e-10 4.500000000000000000e+01
-2.972117000000000253e-10 4.600000000000000000e+01
-3.186204999999999856e-10 4.700000000000000000e+01
-3.013667999999999772e-10 4.900000000000000000e+01
-3.019929999999999827e-10 5.000000000000000000e+01
-2.890742000000000108e-10 5.100000000000000000e+01
-2.987532999999999944e-10 5.300000000000000000e+01
-2.882471000000000189e-10 5.400000000000000000e+01
-2.951450000000000184e-10 5.600000000000000000e+01
-2.813722000000000099e-10 5.700000000000000000e+01
-2.926560999999999982e-10 5.800000000000000000e+01
-2.846621000000000256e-10 6.000000000000000000e+01
-3.025215999999999989e-10 6.100000000000000000e+01
-2.892030999999999999e-10 6.300000000000000000e+01
-2.847036999999999999e-10 6.400000000000000000e+01
-2.892516000000000023e-10 6.500000000000000000e+01
-3.005599000000000138e-10 6.700000000000000000e+01
-2.959340000000000143e-10 6.800000000000000000e+01
