-6.255132000000000084e-07 1.000000000000000000e+00
-6.240205999999999517e-07 2.000000000000000000e+00
-6.158949000000000314e-07 3.000000000000000000e+00
-6.196858000000000233e-07 5.000000000000000000e+00
-6.122213000000000162e-07 6.000000000000000000e+00
-6.181563999999999884e-07 7.000000000000000000e+00
-6.290155000000000383e-07 9.000000000000000000e+00
-6.297280000000000125e-07 1.000000000000000000e+01
-6.335488000000000463e-07 1.100000000000000000e+01
-6.252133000000000309e-07 1.300000000000000000e+01
-6.165807000000000308e-07 1.400000000000000000e+01
-6.245766999999999920e-07 1.600000000000000000e+01
-6.229686000000000294e-07 1.700000000000000000e+01
-6.299752999999999779e-07 1.800000000000000000e+01
-6.272050000000000368e-07 2.000000000000000000e+01
-6.188834999999999844e-07 2.100000000000000000e+01
-6.260434999999999506e-07 2.300000000000000000e+01
-6.190979000000000369e-07 2.400000000000000000e+01
-6.190113000000000393e-07 2.600000000000000000e+01
-6.259169000000000135e-07 2.700000000000000000e+01
