-3.398031999999999997e-08 0.000000000000000000e+00
-3.502833999999999693e-08 1.000000000000000000e+00
-3.451917999999999742e-08 3.000000000000000000e+00
-3.499155000000000207e-08 4.000000000000000000e+00
-3.541755000000000205e-08 5.000000000000000000e+00
-3.627343000000000137e-08 7.000000000000000000e+00
-3.442846999999999992e-08 8.000000000000000000e+00
-3.471356999999999762e-08 1.000000000000000000e+01
-3.371457000000000303e-08 1.100000000000000000e+01
-3.250580999999999903e-08 1.200000000000000000e+01
-3.531078999999999693e-08 1.400000000000000000e+01
-3.348869999999999996e-08 1.500000000000000000e+01
-3.418703000000000328e-08 1.700000000000000000e+01
-3.526686000000000243e-08 1.800000000000000000e+01
-3.459326999999999753e-08 1.900000000000000000e+01
-3.389685999999999745e-08 2.100000000000000000e+01
-3.471379000000000157e-08 2.200000000000000000e+01
-3.347293000000000220e-08 2.400000000000000000e+01
-3.480748000000000272e-08 2.500000000000000000e+01
-3.501391999999999938e-08 2.600000000000000000e+01
-3.403038000000000300e-08 2.800000000000000000e+01
-3.409022000000000018e-08 2.900000000000000000e+01
-3.357554999999999786e-08 3.000000000000000000e+01
-3.447070999999999831e-08 3.200000000000000000e+01
-3.499001999999999742e-08 3.300000000000000000e+01
-3.286020000000000198e-08 3.400000000000000000e+01
-3.579155999999999919e-08 3.600000000000000000e+01
-3.463279000000000237e-08 3.700000000000000000e+01
-3.323692000000000272e-08 3.900000000000000000e+01
-3.469226000000000072e-08 4.000000000000000000e+01
