-2.262044999999999916e-10 0.000000000000000000e+00
-2.279912000000000005e-10 1.000000000000000000e+00
-2.220548000000000033e-10 3.000000000000000000e+00
-2.170623999999999876e-10 4.000000000000000000e+00
-2.224096999999999925e-10 5.000000000000000000e+00
-2.228843000000000107e-10 7.000000000000000000e+00
-2.254869000000000085e-10 8.000000000000000000e+00
-2.232547000000000035e-10 1.000000000000000000e+01
-2.195242000000000028e-10 1.100000000000000000e+01
-2.366617000000000121e-10 1.200000000000000000e+01
-2.246250000000000127e-10 1.400000000000000000e+01
-2.227809000000000077e-10 1.500000000000000000e+01
-2.209742999999999883e-10 1.600000000000000000e+01
-2.277482000000000098e-10 1.800000000000000000e+01
-2.235663999999999994e-10 1.900000000000000000e+01
-2.161879999999999880e-10 2.100000000000000000e+01
-2.209759999999999874e-10 2.200000000000000000e+01
-2.234761999999999908e-10 2.300000000000000000e+01
-2.221461000000000007e-10 2.500000000000000000e+01
-2.213362999999999918e-10 2.600000000000000000e+01
-2.365256000000000026e-10 2.700000000000000000e+01
-2.207533000000000053e-10 2.900000000000000000e+01
-2.214896000000000041e-10 3.000000000000000000e+01
-2.286634999999999931e-10 3.200000000000000000e+01
-2.262151999999999903e-10 3.300000000000000000e+01
-2.188586000000000005e-10 3.500000000000000000e+01
-2.269462000000000057e-10 3.600000000000000000e+01
-2.256254000000000075e-10 3.700000000000000000e+01
-2.199004000000000092e-10 3.900000000000000000e+01
-2.212121000000000017e-10 4.000000000000000000e+01
-2.229241000000000057e-10 4.100000000000000000e+01
-2.218538000000000110e-10 4.300000000000000000e+01
-2.215819000000000101e-10 4.400000000000000000e+01
-2.291485999999999980e-10 4.600000000000000000e+01
-2.220300999999999879e-10 4.700000000000000000e+01
-2.243312000000000101e-10 4.800000000000000000e+01
-2.221561000000000090e-10 5.000000000000000000e+01
-2.174727000000000073e-10 5.100000000000000000e+01
-2.193881999999999993e-10 5.200000000000000000e+01
-2.210994000000000068e-10 5.400000000000000000e+01
-2.274846999999999982e-10 5.500000000000000000e+01
-2.232283999999999950e-10 5.700000000000000000e+01
-2.238126000000000022e-10 5.800000000000000000e+01
-2.175944000000000019e-10 5.900000000000000000e+01
-2.216455999999999982e-10 6.100000000000000000e+01
-2.199900999999999877e-10 6.200000000000000000e+01
-2.217632000000000041e-10 6.400000000000000000e+01
-2.268218000000000035e-10 6.500000000000000000e+01
-2.207006999999999883e-10 6.600000000000000000e+01
-2.203520999999999912e-10 6.800000000000000000e+01
