-1.559763999999999884e-07 0.000000000000000000e+00
-1.543703000000000016e-07 1.000000000000000000e+00
-1.555110999999999876e-07 3.000000000000000000e+00
-1.546465999999999999e-07 4.000000000000000000e+00
-1.550277000000000006e-07 5.000000000000000000e+00
-1.554814000000000095e-07 7.000000000000000000e+00
-1.546194000000000114e-07 8.000000000000000000e+00
-1.544576999999999895e-07 9.000000000000000000e+00
-1.569748999999999957e-07 1.100000000000000000e+01
-1.562362000000000077e-07 1.200000000000000000e+01
-1.554588000000000050e-07 1.400000000000000000e+01
-1.558050000000000111e-07 1.500000000000000000e+01
-1.538719999999999898e-07 1.600000000000000000e+01
-1.546918000000000088e-07 1.800000000000000000e+01
-1.557429999999999937e-07 1.900000000000000000e+01
-1.569846000000000040e-07 2.100000000000000000e+01
-1.551054999999999988e-07 2.200000000000000000e+01
-1.555322999999999957e-07 2.300000000000000000e+01
-1.568845999999999965e-07 2.500000000000000000e+01
-1.553076000000000083e-07 2.600000000000000000e+01
-1.575966000000000098e-07 2.800000000000000000e+01
-1.560323000000000068e-07 2.900000000000000000e+01
-1.562964000000000072e-07 3.000000000000000000e+01
-1.550898000000000101e-07 3.200000000000000000e+01
-1.544909000000000113e-07 3.300000000000000000e+01
-1.565633999999999923e-07 3.400000000000000000e+01
-1.565531999999999966e-07 3.600000000000000000e+01
-1.561003999999999967e-07 3.700000000000000000e+01
-1.563439999999999870e-07 3.800000000000000000e+01
-1.545416000000000132e-07 4.000000000000000000e+01
