-2.295167999999999875e-10 1.000000000000000000e+00
-2.344565999999999863e-10 2.000000000000000000e+00
-2.509666000000000151e-10 3.000000000000000000e+00
-2.459454999999999754e-10 5.000000000000000000e+00
-2.315542000000000119e-10 6.000000000000000000e+00
-2.386666000000000162e-10 8.000000000000000000e+00
-2.371739000000000220e-10 9.000000000000000000e+00
-2.393166999999999890e-10 1.000000000000000000e+01
-2.412993999999999991e-10 1.200000000000000000e+01
-2.412378000000000083e-10 1.300000000000000000e+01
-2.421687999999999817e-10 1.400000000000000000e+01
-2.329698999999999918e-10 1.600000000000000000e+01
-2.426637000000000086e-10 1.700000000000000000e+01
-2.362830999999999903e-10 1.900000000000000000e+01
-2.344431000000000256e-10 2.000000000000000000e+01
-2.427685999999999985e-10 2.100000000000000000e+01
-2.420779000000000084e-10 2.300000000000000000e+01
-2.306996999999999969e-10 2.400000000000000000e+01
-2.374922999999999823e-10 2.500000000000000000e+01
-2.355050000000000051e-10 2.700000000000000000e+01
-2.518156999999999889e-10 2.800000000000000000e+01
-2.324182000000000050e-10 3.000000000000000000e+01
-2.361268000000000040e-10 3.100000000000000000e+01
-2.374739999999999908e-10 3.200000000000000000e+01
-2.389008999999999996e-10 3.400000000000000000e+01
-2.349382999999999930e-10 3.500000000000000000e+01
-2.381301999999999952e-10 3.600000000000000000e+01
-2.376988999999999762e-10 3.800000000000000000e+01
-2.295179000000000021e-10 3.900000000000000000e+01
-2.465556000000000187e-10 4.100000000000000000e+01
-2.471284000000000107e-10 4.200000000000000000e+01
-2.417702999999999752e-10 4.400000000000000000e+01
-2.389678000000000255e-10 4.500000000000000000e+01
-2.373231000000000198e-10 4.600000000000000000e+01
-2.443465000000000102e-10 4.800000000000000000e+01
-2.353026999999999861e-10 4.900000000000000000e+01
-2.365545000000000127e-10 5.000000000000000000e+01
-2.327730999999999941e-10 5.200000000000000000e+01
-2.443019999999999904e-10 5.300000000000000000e+01
-2.368164000000000054e-10 5.500000000000000000e+01
-2.384110999999999958e-10 5.600000000000000000e+01
-2.425690999999999932e-10 5.700000000000000000e+01
-2.391945000000000160e-10 5.900000000000000000e+01
-2.370939999999999880e-10 6.000000000000000000e+01
-2.362225999999999883e-10 6.100000000000000000e+01
-2.506427999999999877e-10 6.300000000000000000e+01
-2.314985999999999951e-10 6.400000000000000000e+01
-2.356012999999999937e-10 6.600000000000000000e+01
-2.292667000000000082e-10 6.700000000000000000e+01
-2.411152000000000113e-10 6.800000000000000000e+01
