-1.312808999999999876e-10 0.000000000000000000e+00
-1.048234999999999974e-10 2.000000000000000000e+00
-1.273973000000000125e-10 3.000000000000000000e+00
-1.201696999999999919e-10 4.000000000000000000e+00
-1.090041000000000000e-10 6.000000000000000000e+00
-1.002567000000000060e-10 7.000000000000000000e+00
-1.224895000000000039e-10 9.000000000000000000e+00
-9.697455000000000506e-11 1.000000000000000000e+01
-1.136953999999999996e-10 1.100000000000000000e+01
-1.145060000000000050e-10 1.300000000000000000e+01
-1.439377999999999928e-10 1.400000000000000000e+01
-1.077558000000000034e-10 1.600000000000000000e+01
-1.024107999999999949e-10 1.700000000000000000e+01
-9.897301000000000097e-11 1.800000000000000000e+01
-1.378425999999999878e-10 2.000000000000000000e+01
-1.227169000000000108e-10 2.100000000000000000e+01
-2.582500000000000129e-10 2.200000000000000000e+01
-1.047329000000000034e-10 2.400000000000000000e+01
-1.121549999999999994e-10 2.500000000000000000e+01
-1.321258999999999987e-10 2.600000000000000000e+01
-1.245433000000000087e-10 2.800000000000000000e+01
-1.173593000000000054e-10 2.900000000000000000e+01
-1.051242000000000023e-10 3.100000000000000000e+01
-1.207143999999999962e-10 3.200000000000000000e+01
-1.029502999999999960e-10 3.400000000000000000e+01
-1.106215999999999947e-10 3.500000000000000000e+01
-1.292280000000000112e-10 3.600000000000000000e+01
-1.408492999999999936e-10 3.800000000000000000e+01
-1.705291000000000021e-10 3.900000000000000000e+01
2.796380999999999856e-11 4.000000000000000000e+01
