-4.508700999999999856e-09 1.000000000000000000e+00
-4.461563000000000178e-09 2.000000000000000000e+00
-4.548651999999999814e-09 4.000000000000000000e+00
-4.490123999999999828e-09 5.000000000000000000e+00
-4.448103999999999594e-09 6.000000000000000000e+00
-4.387191999999999836e-09 8.000000000000000000e+00
-4.416965999999999862e-09 9.000000000000000000e+00
-4.384702999999999681e-09 1.100000000000000000e+01
-4.472942000000000290e-09 1.200000000000000000e+01
-4.480791000000000104e-09 1.300000000000000000e+01
-4.552875000000000162e-09 1.500000000000000000e+01
-4.390419000000000325e-09 1.600000000000000000e+01
-4.467944000000000221e-09 1.700000000000000000e+01
-4.291797000000000291e-09 1.900000000000000000e+01
-4.417543999999999650e-09 2.000000000000000000e+01
-4.394129999999999590e-09 2.100000000000000000e+01
-4.499887999999999630e-09 2.300000000000000000e+01
-4.537757000000000132e-09 2.400000000000000000e+01
-4.453747999999999621e-09 2.600000000000000000e+01
-4.433440999999999849e-09 2.700000000000000000e+01
-4.456695000000000190e-09 2.800000000000000000e+01
-4.490572000000000362e-09 3.000000000000000000e+01
-4.580524000000000260e-09 3.100000000000000000e+01
-4.533416999999999711e-09 3.300000000000000000e+01
-4.371818000000000092e-09 3.400000000000000000e+01
-4.435453000000000152e-09 3.500000000000000000e+01
-4.291355000000000015e-09 3.700000000000000000e+01
-4.456099999999999946e-09 3.800000000000000000e+01
-4.436037000000000198e-09 3.900000000000000000e+01
-4.612597999999999750e-09 4.100000000000000000e+01
-4.479173999999999984e-09 4.200000000000000000e+01
-4.549035000000000308e-09 4.400000000000000000e+01
-4.153351000000000250e-09 4.500000000000000000e+01
-4.547494999999999918e-09 4.600000000000000000e+01
-4.449100999999999772e-09 4.800000000000000000e+01
-4.344756000000000170e-09 4.900000000000000000e+01
-4.423509000000000260e-09 5.000000000000000000e+01
-4.453324999999999612e-09 5.200000000000000000e+01
-4.478191999999999625e-09 5.300000000000000000e+01
-4.527528999999999659e-09 5.500000000000000000e+01
-4.515792999999999897e-09 5.600000000000000000e+01
-4.387543000000000055e-09 5.800000000000000000e+01
-4.368539000000000397e-09 5.900000000000000000e+01
-4.556355999999999729e-09 6.000000000000000000e+01
-4.576829999999999797e-09 6.200000000000000000e+01
-4.534486999999999998e-09 6.300000000000000000e+01
-4.449805000000000021e-09 6.400000000000000000e+01
-4.375101999999999726e-09 6.600000000000000000e+01
-4.525494999999999787e-09 6.700000000000000000e+01
-4.447148000000000079e-09 6.900000000000000000e+01
