-3.454956999999999827e-07 0.000000000000000000e+00
-3.415914000000000262e-07 1.000000000000000000e+00
-3.471633999999999917e-07 3.000000000000000000e+00
-3.479617000000000261e-07 4.000000000000000000e+00
-3.491899000000000264e-07 5.000000000000000000e+00
-3.445275000000000124e-07 7.000000000000000000e+00
-3.474644999999999811e-07 8.000000000000000000e+00
-3.449530999999999974e-07 1.000000000000000000e+01
-3.395237999999999793e-07 1.100000000000000000e+01
-3.493383000000000041e-07 1.200000000000000000e+01
-3.462517999999999850e-07 1.400000000000000000e+01
-3.398481999999999978e-07 1.500000000000000000e+01
-3.486418999999999874e-07 1.600000000000000000e+01
-3.441656000000000176e-07 1.800000000000000000e+01
-3.437370000000000028e-07 1.900000000000000000e+01
-3.514331999999999788e-07 2.100000000000000000e+01
-3.486471000000000039e-07 2.200000000000000000e+01
-3.448963999999999887e-07 2.400000000000000000e+01
-3.450037000000000071e-07 2.500000000000000000e+01
-3.490571999999999845e-07 2.600000000000000000e+01
-3.434658999999999945e-07 2.800000000000000000e+01
-3.445003000000000239e-07 2.900000000000000000e+01
-3.425534000000000053e-07 3.000000000000000000e+01
-3.461327999999999825e-07 3.200000000000000000e+01
-3.487003000000000218e-07 3.300000000000000000e+01
-3.446987000000000054e-07 3.400000000000000000e+01
-3.409000999999999809e-07 3.600000000000000000e+01
-3.448335999999999810e-07 3.700000000000000000e+01
-3.395807000000000253e-07 3.900000000000000000e+01
-3.417682000000000044e-07 4.000000000000000000e+01
