-4.787004000000000357e-10 1.000000000000000000e+00
-4.666746000000000213e-10 2.000000000000000000e+00
-4.588683000000000149e-10 3.000000000000000000e+00
-4.861335999999999641e-10 5.000000000000000000e+00
-4.710114000000000430e-10 6.000000000000000000e+00
-4.352224000000000128e-10 7.000000000000000000e+00
-4.178719999999999917e-10 9.000000000000000000e+00
-4.663526000000000507e-10 1.000000000000000000e+01
-4.768885999999999614e-10 1.200000000000000000e+01
-4.485156999999999921e-10 1.300000000000000000e+01
-4.581980000000000136e-10 1.400000000000000000e+01
-4.966013000000000230e-10 1.600000000000000000e+01
-5.050396000000000227e-10 1.700000000000000000e+01
-4.482511999999999978e-10 1.900000000000000000e+01
-4.713571000000000204e-10 2.000000000000000000e+01
-5.101360000000000259e-10 2.100000000000000000e+01
-4.757513000000000381e-10 2.300000000000000000e+01
-4.547580000000000234e-10 2.400000000000000000e+01
-4.491239999999999785e-10 2.500000000000000000e+01
-4.965349999999999816e-10 2.700000000000000000e+01
-4.454959999999999782e-10 2.800000000000000000e+01
-4.570309000000000001e-10 3.000000000000000000e+01
-3.981380000000000162e-10 3.100000000000000000e+01
-4.103940999999999797e-10 3.200000000000000000e+01
-4.875976000000000120e-10 3.400000000000000000e+01
-4.911806999999999683e-10 3.500000000000000000e+01
-4.017830999999999875e-10 3.600000000000000000e+01
-4.367952999999999816e-10 3.800000000000000000e+01
-4.635398000000000230e-10 3.900000000000000000e+01
-5.119584999999999956e-10 4.100000000000000000e+01
-4.488656000000000159e-10 4.200000000000000000e+01
-4.644979000000000013e-10 4.300000000000000000e+01
-4.831973000000000143e-10 4.500000000000000000e+01
-4.685614000000000152e-10 4.600000000000000000e+01
-4.420857999999999749e-10 4.800000000000000000e+01
-4.696111999999999634e-10 4.900000000000000000e+01
-4.756167999999999700e-10 5.000000000000000000e+01
-4.741399999999999778e-10 5.200000000000000000e+01
-4.955877000000000339e-10 5.300000000000000000e+01
-4.475660999999999833e-10 5.400000000000000000e+01
-4.951606999999999898e-10 5.600000000000000000e+01
-4.523058000000000181e-10 5.700000000000000000e+01
-4.441450000000000208e-10 5.800000000000000000e+01
-4.139815000000000143e-10 6.000000000000000000e+01
-4.971648000000000490e-10 6.100000000000000000e+01
-4.621014000000000189e-10 6.300000000000000000e+01
-4.936347000000000304e-10 6.400000000000000000e+01
-4.380456999999999755e-10 6.600000000000000000e+01
-5.007285999999999535e-10 6.700000000000000000e+01
-4.328534000000000078e-10 6.800000000000000000e+01
