-3.397332999999999915e-10 1.000000000000000000e+00
-3.969247999999999899e-10 2.000000000000000000e+00
-4.349623000000000252e-10 3.000000000000000000e+00
-3.447827000000000051e-10 5.000000000000000000e+00
-4.023931999999999790e-10 6.000000000000000000e+00
-3.422360000000000163e-10 8.000000000000000000e+00
-4.123193999999999938e-10 9.000000000000000000e+00
-3.925714000000000016e-10 1.000000000000000000e+01
-3.828410999999999819e-10 1.200000000000000000e+01
-4.030519999999999850e-10 1.300000000000000000e+01
-4.071872999999999842e-10 1.400000000000000000e+01
-3.958645000000000034e-10 1.600000000000000000e+01
-3.575070999999999948e-10 1.700000000000000000e+01
-3.601788000000000218e-10 1.900000000000000000e+01
-3.365215999999999849e-10 2.000000000000000000e+01
-3.915656000000000173e-10 2.100000000000000000e+01
-3.735654000000000157e-10 2.300000000000000000e+01
-3.848240000000000041e-10 2.400000000000000000e+01
-3.739283999999999761e-10 2.600000000000000000e+01
-5.347221000000000389e-10 2.700000000000000000e+01
-3.370974000000000027e-10 2.800000000000000000e+01
-3.547979999999999881e-10 3.000000000000000000e+01
-3.846456000000000040e-10 3.100000000000000000e+01
-3.617944999999999856e-10 3.300000000000000000e+01
-3.842486999999999906e-10 3.400000000000000000e+01
-3.230450999999999746e-10 3.500000000000000000e+01
-3.325996999999999759e-10 3.700000000000000000e+01
-4.104586000000000161e-10 3.800000000000000000e+01
-3.566234999999999835e-10 3.900000000000000000e+01
-3.829281999999999847e-10 4.100000000000000000e+01
-3.753260000000000024e-10 4.200000000000000000e+01
-3.524943999999999961e-10 4.400000000000000000e+01
-3.813389999999999898e-10 4.500000000000000000e+01
-3.709476999999999866e-10 4.600000000000000000e+01
-3.432603999999999844e-10 4.800000000000000000e+01
-4.223755999999999864e-10 4.900000000000000000e+01
-3.626609999999999743e-10 5.000000000000000000e+01
-3.634709000000000151e-10 5.200000000000000000e+01
-3.615721000000000216e-10 5.300000000000000000e+01
-3.486143000000000252e-10 5.500000000000000000e+01
-4.872007999999999788e-10 5.600000000000000000e+01
-3.390927999999999770e-10 5.700000000000000000e+01
-3.893442000000000171e-10 5.900000000000000000e+01
-3.569656999999999826e-10 6.000000000000000000e+01
-3.574204999999999963e-10 6.200000000000000000e+01
-4.094918000000000045e-10 6.300000000000000000e+01
-3.551215000000000232e-10 6.400000000000000000e+01
-4.126964000000000226e-10 6.600000000000000000e+01
-3.794725999999999847e-10 6.700000000000000000e+01
-3.632831000000000170e-10 6.800000000000000000e+01
