-7.096008999999999871e-10 1.000000000000000000e+00
-6.391868999999999861e-10 2.000000000000000000e+00
-6.677942999999999508e-10 4.000000000000000000e+00
-6.872566000000000150e-10 5.000000000000000000e+00
-7.091314999999999722e-10 6.000000000000000000e+00
-6.944326999999999816e-10 8.000000000000000000e+00
-7.010567000000000406e-10 9.000000000000000000e+00
-7.151763999999999954e-10 1.100000000000000000e+01
-6.879855999999999615e-10 1.200000000000000000e+01
-8.298475000000000132e-10 1.300000000000000000e+01
-7.800309000000000221e-10 1.400000000000000000e+01
-7.537153000000000101e-10 1.600000000000000000e+01
-6.841188000000000426e-10 1.700000000000000000e+01
-7.588896000000000302e-10 1.900000000000000000e+01
-6.246667999999999878e-10 2.000000000000000000e+01
-6.743145000000000086e-10 2.100000000000000000e+01
-7.162826000000000345e-10 2.300000000000000000e+01
-6.862933999999999619e-10 2.400000000000000000e+01
-7.043454999999999641e-10 2.600000000000000000e+01
-7.002711000000000428e-10 2.700000000000000000e+01
-7.069750999999999609e-10 2.800000000000000000e+01
-7.889380999999999807e-10 3.000000000000000000e+01
-6.488540000000000219e-10 3.100000000000000000e+01
-7.318076999999999688e-10 3.200000000000000000e+01
-6.910926000000000419e-10 3.400000000000000000e+01
-6.465164000000000485e-10 3.500000000000000000e+01
-6.710628000000000207e-10 3.700000000000000000e+01
-6.946411999999999607e-10 3.800000000000000000e+01
-7.278682000000000363e-10 3.900000000000000000e+01
-7.144134999999999959e-10 4.100000000000000000e+01
