-1.591261000000000054e-09 0.000000000000000000e+00
-1.859916000000000094e-09 1.000000000000000000e+00
-1.638620999999999981e-09 3.000000000000000000e+00
-1.660349999999999958e-09 4.000000000000000000e+00
-1.874679999999999982e-09 6.000000000000000000e+00
-1.667396000000000019e-09 7.000000000000000000e+00
-1.959921999999999800e-09 8.000000000000000000e+00
-1.708685000000000082e-09 1.000000000000000000e+01
-1.589966000000000008e-09 1.100000000000000000e+01
-1.900259999999999805e-09 1.200000000000000000e+01
-1.563118999999999966e-09 1.400000000000000000e+01
-1.751294000000000094e-09 1.500000000000000000e+01
-1.603662999999999945e-09 1.600000000000000000e+01
-1.654659999999999950e-09 1.800000000000000000e+01
-1.703977999999999924e-09 1.900000000000000000e+01
-1.684915999999999975e-09 2.100000000000000000e+01
-1.697253999999999938e-09 2.200000000000000000e+01
-1.855369999999999974e-09 2.300000000000000000e+01
-1.731832000000000022e-09 2.500000000000000000e+01
-1.656358999999999946e-09 2.600000000000000000e+01
-1.727590999999999933e-09 2.700000000000000000e+01
-1.745330999999999916e-09 2.900000000000000000e+01
-1.738036000000000097e-09 3.000000000000000000e+01
-1.694186000000000089e-09 3.200000000000000000e+01
-1.688538000000000027e-09 3.300000000000000000e+01
-1.893936000000000148e-09 3.500000000000000000e+01
-1.828491999999999976e-09 3.600000000000000000e+01
-1.744141000000000047e-09 3.700000000000000000e+01
-1.889069999999999971e-09 3.900000000000000000e+01
-1.646155000000000092e-09 4.000000000000000000e+01
