-3.746904000000000403e-09 0.000000000000000000e+00
-3.782589000000000368e-09 2.000000000000000000e+00
-3.787493000000000251e-09 3.000000000000000000e+00
-3.679460000000000030e-09 5.000000000000000000e+00
-3.882801000000000187e-09 6.000000000000000000e+00
-3.762032999999999803e-09 7.000000000000000000e+00
-3.729967999999999873e-09 9.000000000000000000e+00
-3.754704999999999805e-09 1.000000000000000000e+01
-3.701138999999999993e-09 1.200000000000000000e+01
-3.801876000000000076e-09 1.300000000000000000e+01
-3.757524999999999595e-09 1.400000000000000000e+01
-3.809039999999999908e-09 1.600000000000000000e+01
-3.694186999999999911e-09 1.700000000000000000e+01
-3.719339000000000199e-09 1.900000000000000000e+01
-3.685969999999999835e-09 2.000000000000000000e+01
-3.728129999999999615e-09 2.100000000000000000e+01
-3.605814999999999919e-09 2.300000000000000000e+01
-3.699434999999999850e-09 2.400000000000000000e+01
-3.790293000000000282e-09 2.500000000000000000e+01
-3.759704999999999685e-09 2.700000000000000000e+01
-3.797205000000000020e-09 2.800000000000000000e+01
-3.687554000000000189e-09 2.900000000000000000e+01
-3.854011000000000331e-09 3.100000000000000000e+01
-3.771174000000000361e-09 3.200000000000000000e+01
-3.760072000000000041e-09 3.400000000000000000e+01
-3.779055999999999942e-09 3.500000000000000000e+01
-3.743878000000000293e-09 3.700000000000000000e+01
-3.823749000000000255e-09 3.800000000000000000e+01
-3.853193000000000138e-09 3.900000000000000000e+01
-3.677309999999999991e-09 4.100000000000000000e+01
