-1.639469000000000070e-10 0.000000000000000000e+00
-1.015213999999999959e-10 2.000000000000000000e+00
-1.216063999999999969e-10 3.000000000000000000e+00
-1.433981000000000055e-10 5.000000000000000000e+00
-1.194823999999999999e-10 6.000000000000000000e+00
-1.005307999999999973e-10 7.000000000000000000e+00
-1.260768000000000066e-10 9.000000000000000000e+00
-1.564312999999999973e-10 1.000000000000000000e+01
-1.269714000000000089e-10 1.100000000000000000e+01
-1.125005000000000035e-10 1.300000000000000000e+01
-1.288588999999999933e-10 1.400000000000000000e+01
-1.291576000000000070e-10 1.500000000000000000e+01
-1.300519999999999972e-10 1.700000000000000000e+01
-1.319857000000000005e-10 1.800000000000000000e+01
-1.178906000000000034e-10 2.000000000000000000e+01
-1.378550000000000115e-10 2.100000000000000000e+01
-1.286684999999999936e-10 2.200000000000000000e+01
-1.478568000000000079e-10 2.400000000000000000e+01
-1.182797999999999921e-10 2.500000000000000000e+01
-1.116563999999999951e-10 2.700000000000000000e+01
-1.051386999999999975e-10 2.800000000000000000e+01
-1.541036000000000002e-10 3.000000000000000000e+01
-1.130509999999999956e-10 3.100000000000000000e+01
-1.087213000000000012e-10 3.200000000000000000e+01
-1.194298999999999889e-10 3.400000000000000000e+01
-1.087537999999999957e-10 3.500000000000000000e+01
-1.148199999999999974e-10 3.600000000000000000e+01
-9.640585999999999448e-11 3.800000000000000000e+01
-1.055861999999999978e-10 3.900000000000000000e+01
-1.262655000000000072e-10 4.000000000000000000e+01
