-1.883621999999999971e-09 3.980000000001382432e-01
-1.871058000000000137e-09 1.789000000000669388e+00
-1.872193999999999956e-09 3.184000000000196451e+00
-2.037089000000000140e-09 4.564000000000305590e+00
-1.985502000000000037e-09 5.954000000000633008e+00
-1.819702999999999956e-09 7.342000000000552973e+00
-1.806143000000000057e-09 8.734000000000378350e+00
-1.937905000000000041e-09 1.010900000000037835e+01
-2.039799000000000020e-09 1.149499999999989086e+01
-1.955197999999999807e-09 1.296000000000003638e+01
-2.051969999999999894e-09 1.434200000000055297e+01
-1.877243000000000152e-09 1.572800000000006548e+01
-1.895390999999999912e-09 1.711500000000069122e+01
-1.794473999999999939e-09 1.850700000000051659e+01
-1.901099000000000075e-09 1.988500000000021828e+01
-1.878449999999999857e-09 2.127800000000024738e+01
-1.865157999999999982e-09 2.267399999999997817e+01
-1.852425000000000042e-09 2.407400000000052387e+01
-1.885279999999999925e-09 2.545700000000033469e+01
-1.894963999999999868e-09 2.685200000000077125e+01
-1.864929000000000188e-09 2.825300000000061118e+01
-1.851522999999999956e-09 2.966000000000076398e+01
-1.882984000000000081e-09 3.106199999999989814e+01
-2.003653999999999831e-09 3.246700000000055297e+01
-1.909875999999999992e-09 3.386200000000008004e+01
-1.911366000000000160e-09 3.525399999999990541e+01
-1.802100999999999917e-09 3.665599999999994907e+01
-1.908458999999999934e-09 3.804200000000037107e+01
-1.835736000000000081e-09 3.943400000000019645e+01
-2.314816999999999948e-09 4.083600000000024011e+01
-1.879697999999999809e-09 4.222700000000077125e+01
-1.981370000000000159e-09 4.362500000000000000e+01
-1.770454999999999962e-09 4.501800000000002910e+01
-2.044209000000000008e-09 4.641499999999996362e+01
-1.803434999999999987e-09 4.781100000000060390e+01
-1.871443999999999933e-09 4.921000000000003638e+01
-1.846731999999999905e-09 5.060900000000037835e+01
-2.010793999999999870e-09 5.200000000000000000e+01
-1.995355000000000085e-09 5.340500000000065484e+01
-2.116018999999999990e-09 5.480200000000058935e+01
-1.822601000000000001e-09 5.618699999999989814e+01
-1.953390000000000014e-09 5.758200000000033469e+01
-1.908433999999999823e-09 5.898599999999987631e+01
-2.007332000000000157e-09 6.038900000000012369e+01
-2.116587999999999805e-09 6.178700000000026193e+01
-2.027472000000000048e-09 6.317399999999997817e+01
-2.230098000000000171e-09 6.456000000000040018e+01
-1.980048000000000192e-09 6.594800000000032014e+01
-1.869912999999999931e-09 6.734200000000055297e+01
-2.064321999999999978e-09 6.873400000000037835e+01
-1.916271999999999853e-09 7.012500000000000000e+01
-1.904759000000000040e-09 7.151600000000053114e+01
-1.850323000000000001e-09 7.290700000000015280e+01
-1.921326999999999894e-09 7.430200000000058935e+01
-1.856649999999999994e-09 7.569100000000071304e+01
-1.786083000000000025e-09 7.707900000000063301e+01
-1.803864999999999953e-09 7.846100000000024011e+01
-2.148873999999999873e-09 7.986099999999987631e+01
-1.972761999999999934e-09 8.126100000000042201e+01
-1.831920000000000018e-09 8.266000000000076398e+01
-1.960073999999999864e-09 8.404100000000016735e+01
-2.011090999999999833e-09 8.543699999999989814e+01
-1.866242000000000182e-09 8.682000000000061846e+01
-2.044104999999999943e-09 8.820700000000033469e+01
-1.947305999999999934e-09 8.959700000000066211e+01
-1.949460000000000008e-09 9.098900000000048749e+01
-1.916279999999999921e-09 9.239300000000002910e+01
-1.917182000000000008e-09 9.378600000000005821e+01
-1.882342000000000157e-09 9.517700000000058935e+01
-1.825506000000000003e-09 9.657000000000061846e+01
-2.095836000000000041e-09 9.797700000000077125e+01
-1.834777999999999927e-09 9.936900000000059663e+01
-1.997097999999999838e-09 1.007600000000002183e+02
-1.869048999999999963e-09 1.021420000000007349e+02
-1.960108999999999854e-09 1.035330000000003565e+02
-1.847103999999999994e-09 1.049100000000007640e+02
-1.882143999999999906e-09 1.063110000000006039e+02
-1.828075999999999923e-09 1.077090000000007421e+02
-1.917373000000000095e-09 1.091010000000005675e+02
-2.047476999999999918e-09 1.105010000000002037e+02
-2.022015000000000074e-09 1.118920000000007349e+02
-1.895114000000000121e-09 1.132920000000003711e+02
-1.856700999999999915e-09 1.146820000000006985e+02
-1.846953999999999948e-09 1.160810000000001310e+02
-2.065664000000000116e-09 1.174729999999999563e+02
-2.106149999999999805e-09 1.188710000000000946e+02
-1.873349000000000042e-09 1.202590000000000146e+02
-1.849666000000000052e-09 1.216510000000007494e+02
-2.045232000000000202e-09 1.230500000000001819e+02
-1.948575999999999869e-09 1.244430000000002110e+02
-2.022111000000000070e-09 1.258350000000000364e+02
-1.963828000000000014e-09 1.272250000000003638e+02
-1.901345999999999816e-09 1.286180000000003929e+02
-1.855912000000000074e-09 1.300180000000000291e+02
-2.098341999999999825e-09 1.314040000000004511e+02
-1.951210999999999829e-09 1.327880000000004657e+02
-1.836377000000000099e-09 1.341779999999998836e+02
-1.883599000000000084e-09 1.355740000000005239e+02
-2.090987999999999811e-09 1.369650000000001455e+02
-2.044426000000000112e-09 1.383479999999999563e+02
-1.976482000000000000e-09 1.397550000000001091e+02
-1.973185999999999849e-09 1.411530000000002474e+02
-2.186370000000000175e-09 1.425529999999998836e+02
-2.090231000000000038e-09 1.439340000000001965e+02
-1.908409000000000125e-09 1.453230000000003201e+02
-1.894115000000000133e-09 1.467139999999999418e+02
-1.951518000000000085e-09 1.480960000000004584e+02
-1.882766999999999977e-09 1.494810000000006767e+02
-1.978668999999999839e-09 1.508760000000002037e+02
-2.036767000000000066e-09 1.522660000000005311e+02
-1.984368999999999933e-09 1.536660000000001673e+02
-1.905726000000000167e-09 1.550520000000005894e+02
-2.298864000000000097e-09 1.564450000000006185e+02
-1.925874000000000126e-09 1.578420000000005530e+02
-2.609668999999999831e-09 1.592350000000005821e+02
-1.865951000000000064e-09 1.606270000000004075e+02
-1.971117999999999893e-09 1.620180000000000291e+02
-2.133889999999999959e-09 1.634100000000007640e+02
-2.184675999999999912e-09 1.647890000000006694e+02
-1.909383000000000002e-09 1.661820000000006985e+02
-1.940788999999999966e-09 1.675730000000003201e+02
-1.846883999999999968e-09 1.689610000000002401e+02
-1.966528999999999920e-09 1.703630000000002838e+02
-2.029499000000000169e-09 1.717430000000003929e+02
-1.950646999999999954e-09 1.731340000000000146e+02
-1.919293000000000023e-09 1.745240000000003420e+02
-1.994029999999999989e-09 1.759050000000006548e+02
-1.998560000000000179e-09 1.772970000000004802e+02
-1.916519000000000007e-09 1.786890000000003056e+02
-1.986587000000000142e-09 1.800860000000002401e+02
-1.819816999999999900e-09 1.814680000000007567e+02
-1.893807999999999878e-09 1.828569999999999709e+02
-1.934332000000000099e-09 1.842480000000005020e+02
-2.188086000000000006e-09 1.856379999999999200e+02
-1.862230999999999998e-09 1.870200000000004366e+02
-1.918996000000000060e-09 1.884110000000000582e+02
-1.974542999999999806e-09 1.897989999999999782e+02
-1.905435999999999954e-09 1.911890000000003056e+02
-2.032296999999999977e-09 1.925910000000003492e+02
-1.966193999999999838e-09 1.940370000000002619e+02
-1.930625999999999946e-09 1.954320000000006985e+02
-1.806928000000000070e-09 1.968350000000000364e+02
-2.022382000000000017e-09 1.982370000000000800e+02
-2.057437000000000161e-09 1.996320000000005166e+02
-2.088355000000000074e-09 2.010320000000001528e+02
-1.930071999999999950e-09 2.024310000000004948e+02
-1.939101999999999866e-09 2.038420000000005530e+02
-2.024585999999999899e-09 2.052340000000003783e+02
-1.847884000000000068e-09 2.066270000000004075e+02
-2.258575999999999832e-09 2.080240000000003420e+02
-1.993619000000000082e-09 2.094230000000006839e+02
-1.887137999999999941e-09 2.108209999999999127e+02
-2.030896999999999961e-09 2.122200000000002547e+02
-1.949160999999999821e-09 2.136240000000007058e+02
-1.934737000000000161e-09 2.150300000000006548e+02
-1.852536000000000064e-09 2.164250000000001819e+02
-2.005532999999999923e-09 2.178200000000006185e+02
-1.842818000000000036e-09 2.192250000000003638e+02
-1.906107999999999928e-09 2.206220000000002983e+02
-2.181813999999999968e-09 2.220170000000007349e+02
-1.967115000000000191e-09 2.234190000000007785e+02
-2.115586000000000102e-09 2.248230000000003201e+02
-1.905992000000000174e-09 2.262250000000003638e+02
-1.985249999999999943e-09 2.276190000000005966e+02
-1.880543999999999829e-09 2.290039999999999054e+02
-2.070135000000000110e-09 2.304010000000007494e+02
-1.882321000000000080e-09 2.317940000000007785e+02
-1.904647999999999811e-09 2.331850000000004002e+02
-1.849180999999999924e-09 2.345820000000003347e+02
-1.835270000000000012e-09 2.359830000000001746e+02
-2.217615000000000102e-09 2.373770000000004075e+02
-1.987399999999999982e-09 2.387730000000001382e+02
-1.991792000000000022e-09 2.401690000000007785e+02
-1.840031000000000012e-09 2.415510000000003856e+02
-2.011973000000000162e-09 2.429410000000007130e+02
-1.896881999999999985e-09 2.443320000000003347e+02
-2.101493999999999981e-09 2.457130000000006476e+02
-1.980276000000000080e-09 2.471060000000006767e+02
-1.825187999999999964e-09 2.484980000000005020e+02
-2.031180000000000011e-09 2.498969999999999345e+02
-2.021797000000000065e-09 2.512780000000002474e+02
-1.929609999999999916e-09 2.526710000000002765e+02
-1.879464999999999982e-09 2.540480000000006839e+02
-1.940020999999999995e-09 2.554410000000007130e+02
-1.837446000000000067e-09 2.568280000000004293e+02
-2.013553000000000067e-09 2.582200000000002547e+02
-1.856926999999999992e-09 2.596159999999999854e+02
-1.928492999999999950e-09 2.610150000000003274e+02
-2.055311999999999819e-09 2.624120000000002619e+02
-2.040949000000000166e-09 2.637930000000005748e+02
-2.168511999999999801e-09 2.651940000000004147e+02
-1.819665999999999949e-09 2.665880000000006476e+02
-1.822614000000000009e-09 2.679830000000001746e+02
-2.136973999999999945e-09 2.693690000000005966e+02
-1.963273000000000113e-09 2.707670000000007349e+02
-2.052410999999999852e-09 2.721580000000003565e+02
-1.878060000000000027e-09 2.735520000000005894e+02
-1.974064000000000143e-09 2.749390000000003056e+02
-1.935510000000000071e-09 2.763380000000006476e+02
-2.087824999999999870e-09 2.777260000000005675e+02
-2.071519999999999894e-09 2.791270000000004075e+02
-1.879024000000000025e-09 2.805270000000000437e+02
-1.947287999999999986e-09 2.819030000000002474e+02
-2.106370999999999943e-09 2.833079999999999927e+02
-1.913614000000000005e-09 2.847060000000001310e+02
-2.098169000000000099e-09 2.861090000000003783e+02
-2.102517000000000175e-09 2.875110000000004220e+02
-2.053997999999999921e-09 2.889020000000000437e+02
-1.883599999999999989e-09 2.903050000000002910e+02
-1.844046999999999929e-09 2.917100000000000364e+02
-2.377705000000000114e-09 2.931080000000001746e+02
-2.002070999999999796e-09 2.944900000000006912e+02
-1.895341000000000104e-09 2.958830000000007203e+02
-2.005711000000000003e-09 2.972730000000001382e+02
-1.966127999999999892e-09 2.986790000000000873e+02
-1.933909000000000089e-09 3.000770000000002256e+02
-1.984650000000000172e-09 3.014660000000003492e+02
-2.046894000000000190e-09 3.028580000000001746e+02
-2.197373999999999861e-09 3.042560000000003129e+02
-1.866060000000000068e-09 3.056410000000005311e+02
-1.857265999999999902e-09 3.070260000000007494e+02
-1.825575999999999983e-09 3.084190000000007785e+02
-1.968696000000000002e-09 3.098110000000006039e+02
-2.157709000000000081e-09 3.111970000000001164e+02
-1.961510000000000188e-09 3.125970000000006621e+02
-2.051602999999999951e-09 3.140000000000000000e+02
-2.129898999999999947e-09 3.153890000000001237e+02
-2.026730999999999998e-09 3.167830000000003565e+02
-1.896886000000000019e-09 3.181720000000004802e+02
-1.889160000000000123e-09 3.195660000000007130e+02
-2.033770000000000102e-09 3.209570000000003347e+02
-1.926654000000000200e-09 3.223470000000006621e+02
-2.021192999999999847e-09 3.237340000000003783e+02
-1.903682999999999908e-09 3.251280000000006112e+02
-1.892885000000000128e-09 3.265180000000000291e+02
-1.865009999999999953e-09 3.279070000000001528e+02
-1.853361000000000007e-09 3.293070000000006985e+02
-1.879402000000000165e-09 3.306829999999999927e+02
-1.925565000000000061e-09 3.320820000000003347e+02
-1.954926999999999861e-09 3.334729999999999563e+02
-2.034681000000000162e-09 3.348710000000000946e+02
-2.016496000000000188e-09 3.362610000000004220e+02
-1.925818000000000060e-09 3.376420000000007349e+02
-1.833856000000000083e-09 3.390290000000004511e+02
-1.883543000000000017e-09 3.404200000000000728e+02
-2.145137000000000179e-09 3.418090000000001965e+02
-1.898500000000000010e-09 3.431950000000006185e+02
-1.984289999999999979e-09 3.445820000000003347e+02
-1.854250999999999990e-09 3.459740000000001601e+02
-1.994445999999999835e-09 3.473750000000000000e+02
-1.940644000000000066e-09 3.487640000000001237e+02
-2.061343999999999866e-09 3.501630000000004657e+02
-2.048454999999999830e-09 3.515590000000001965e+02
-1.859910999999999948e-09 3.529580000000005384e+02
-2.016205000000000070e-09 3.543590000000003783e+02
-1.946472999999999923e-09 3.557470000000002983e+02
-2.099713000000000109e-09 3.571550000000006548e+02
-1.952416000000000137e-09 3.585610000000006039e+02
-1.921631000000000020e-09 3.599520000000002256e+02
-1.900326000000000165e-09 3.613479999999999563e+02
-1.970440999999999979e-09 3.627490000000007058e+02
-2.076527999999999842e-09 3.641469999999999345e+02
-2.262856000000000152e-09 3.655390000000006694e+02
-1.836966999999999991e-09 3.669440000000004147e+02
-1.829976000000000092e-09 3.683540000000002692e+02
-1.941810999999999841e-09 3.697500000000000000e+02
-1.922644999999999827e-09 3.711600000000007640e+02
-1.992894000000000170e-09 3.725590000000001965e+02
-1.905082000000000019e-09 3.739520000000002256e+02
-1.973595999999999851e-09 3.753500000000003638e+02
-2.155633999999999962e-09 3.767570000000005166e+02
-2.157239999999999883e-09 3.781500000000005457e+02
-2.057229999999999936e-09 3.795430000000005748e+02
-1.994801999999999994e-09 3.809480000000003201e+02
-2.094180999999999802e-09 3.823530000000000655e+02
-1.885222000000000048e-09 3.837440000000005966e+02
-1.880972000000000192e-09 3.851430000000000291e+02
-1.808025999999999977e-09 3.865360000000000582e+02
-2.002090000000000063e-09 3.879270000000005894e+02
-1.978575000000000067e-09 3.893320000000003347e+02
-2.043810000000000204e-09 3.907390000000004875e+02
-2.150177999999999893e-09 3.921320000000005166e+02
-1.937429999999999998e-09 3.935250000000005457e+02
-1.886673000000000191e-09 3.949220000000004802e+02
-1.947820999999999906e-09 3.963140000000003056e+02
-1.938245000000000062e-09 3.977229999999999563e+02
-2.022622999999999913e-09 3.991159999999999854e+02
-2.015674999999999866e-09 4.005000000000000000e+02
-2.064168000000000104e-09 4.018930000000000291e+02
-1.934501000000000204e-09 4.032940000000007785e+02
-2.100312999999999879e-09 4.046950000000006185e+02
-2.049516000000000143e-09 4.060810000000001310e+02
-2.086069000000000109e-09 4.074810000000006767e+02
-2.020219999999999875e-09 4.088710000000000946e+02
-1.992769999999999933e-09 4.102670000000007349e+02
-1.877538999999999796e-09 4.116690000000007785e+02
-1.942899999999999981e-09 4.130560000000004948e+02
-1.976520000000000119e-09 4.144530000000004293e+02
-1.892959000000000142e-09 4.158380000000006476e+02
-1.903577000000000033e-09 4.172390000000004875e+02
