-1.391445999999999953e-09 0.000000000000000000e+00
-1.113045999999999963e-09 2.000000000000000000e+00
-1.295695999999999948e-09 3.000000000000000000e+00
-1.109447000000000005e-09 4.000000000000000000e+00
-1.264350000000000085e-09 5.000000000000000000e+00
-1.505264999999999971e-09 7.000000000000000000e+00
-1.172576000000000067e-09 8.000000000000000000e+00
-1.272858999999999978e-09 1.000000000000000000e+01
-1.256728999999999952e-09 1.100000000000000000e+01
-1.255875000000000070e-09 1.200000000000000000e+01
-1.247158000000000048e-09 1.400000000000000000e+01
-1.260839000000000055e-09 1.500000000000000000e+01
-1.235435999999999992e-09 1.700000000000000000e+01
-1.482641999999999976e-09 1.800000000000000000e+01
-1.375140000000000072e-09 2.000000000000000000e+01
-1.364299999999999931e-09 2.100000000000000000e+01
-1.430898999999999982e-09 2.200000000000000000e+01
-1.459080000000000094e-09 2.400000000000000000e+01
-1.372752000000000059e-09 2.500000000000000000e+01
-1.157615999999999945e-09 2.600000000000000000e+01
