-8.959679000000000116e-10 0.000000000000000000e+00
-8.767277999999999511e-10 2.000000000000000000e+00
-9.911387999999999813e-10 3.000000000000000000e+00
-1.128333000000000099e-09 4.000000000000000000e+00
-1.175817000000000056e-09 6.000000000000000000e+00
-1.076263000000000091e-09 7.000000000000000000e+00
-1.089855999999999964e-09 9.000000000000000000e+00
-1.209934999999999917e-09 1.000000000000000000e+01
-1.229455000000000073e-09 1.100000000000000000e+01
-1.355425999999999906e-09 1.300000000000000000e+01
-9.472598000000000338e-10 1.400000000000000000e+01
-1.154710999999999943e-09 1.500000000000000000e+01
-1.064574000000000009e-09 1.700000000000000000e+01
-1.197962000000000087e-09 1.800000000000000000e+01
-1.129616999999999947e-09 2.000000000000000000e+01
-1.076229999999999912e-09 2.100000000000000000e+01
-1.060129000000000031e-09 2.200000000000000000e+01
-1.123226999999999931e-09 2.400000000000000000e+01
-1.299075000000000087e-09 2.500000000000000000e+01
-1.227566000000000101e-09 2.600000000000000000e+01
-1.043043999999999981e-09 2.800000000000000000e+01
-1.043669999999999975e-09 2.900000000000000000e+01
-1.231584000000000035e-09 3.100000000000000000e+01
-1.111885999999999938e-09 3.200000000000000000e+01
-1.246669000000000092e-09 3.300000000000000000e+01
-9.872373999999999931e-10 3.500000000000000000e+01
-1.073725000000000033e-09 3.600000000000000000e+01
-1.325474000000000008e-09 3.700000000000000000e+01
-1.114620999999999929e-09 3.900000000000000000e+01
-1.069490999999999900e-09 4.000000000000000000e+01
-1.234053000000000019e-09 4.200000000000000000e+01
-1.279087000000000052e-09 4.300000000000000000e+01
-1.164568000000000026e-09 4.400000000000000000e+01
-1.181150999999999905e-09 4.600000000000000000e+01
-1.008972000000000101e-09 4.700000000000000000e+01
-1.098847000000000062e-09 4.900000000000000000e+01
-1.194763999999999949e-09 5.000000000000000000e+01
-9.695314999999999208e-10 5.100000000000000000e+01
-1.289265000000000097e-09 5.300000000000000000e+01
-1.158775999999999970e-09 5.400000000000000000e+01
-1.019009000000000074e-09 5.500000000000000000e+01
-1.171745000000000073e-09 5.700000000000000000e+01
-1.186922999999999997e-09 5.800000000000000000e+01
-1.122681999999999908e-09 6.000000000000000000e+01
-9.715556999999999768e-10 6.100000000000000000e+01
-9.783041999999999148e-10 6.200000000000000000e+01
-1.157556000000000050e-09 6.400000000000000000e+01
-1.318830999999999992e-09 6.500000000000000000e+01
-1.086086999999999995e-09 6.600000000000000000e+01
-9.907207000000000859e-10 6.800000000000000000e+01
