-1.218806000000000061e-08 1.000000000000000000e+00
-1.206764000000000032e-08 2.000000000000000000e+00
-1.208251000000000070e-08 3.000000000000000000e+00
-1.279352999999999935e-08 5.000000000000000000e+00
-1.259330000000000034e-08 6.000000000000000000e+00
-1.242001999999999947e-08 8.000000000000000000e+00
-1.177848000000000046e-08 9.000000000000000000e+00
-1.195587999999999946e-08 1.000000000000000000e+01
-1.258069000000000073e-08 1.200000000000000000e+01
-1.241597000000000050e-08 1.300000000000000000e+01
-1.256034000000000049e-08 1.500000000000000000e+01
-1.257963000000000033e-08 1.600000000000000000e+01
-1.229343999999999927e-08 1.700000000000000000e+01
-1.330531000000000024e-08 1.900000000000000000e+01
-1.272378999999999955e-08 2.000000000000000000e+01
-1.181539000000000049e-08 2.200000000000000000e+01
-1.170241999999999938e-08 2.300000000000000000e+01
-1.204770000000000008e-08 2.400000000000000000e+01
-1.203458000000000002e-08 2.600000000000000000e+01
-1.224046000000000014e-08 2.700000000000000000e+01
-1.192197999999999940e-08 2.800000000000000000e+01
-1.241452999999999973e-08 3.000000000000000000e+01
-1.226348999999999939e-08 3.100000000000000000e+01
-1.263364000000000023e-08 3.300000000000000000e+01
-1.218473999999999943e-08 3.400000000000000000e+01
-1.292661000000000030e-08 3.500000000000000000e+01
-1.211046999999999985e-08 3.700000000000000000e+01
-1.225214999999999930e-08 3.800000000000000000e+01
-1.229446000000000016e-08 3.900000000000000000e+01
-1.247536999999999970e-08 4.100000000000000000e+01
-1.260876000000000020e-08 4.200000000000000000e+01
-1.237703000000000022e-08 4.400000000000000000e+01
-1.200874000000000004e-08 4.500000000000000000e+01
-1.230292000000000036e-08 4.600000000000000000e+01
-1.288120000000000056e-08 4.800000000000000000e+01
-1.202872999999999968e-08 4.900000000000000000e+01
-1.275301999999999987e-08 5.000000000000000000e+01
-1.272937999999999973e-08 5.200000000000000000e+01
-1.206846000000000032e-08 5.300000000000000000e+01
-1.244021999999999987e-08 5.500000000000000000e+01
-1.196884999999999967e-08 5.600000000000000000e+01
-1.201438999999999950e-08 5.700000000000000000e+01
-1.197448999999999925e-08 5.900000000000000000e+01
-1.244765999999999918e-08 6.000000000000000000e+01
-1.295138000000000000e-08 6.200000000000000000e+01
-1.161636000000000020e-08 6.300000000000000000e+01
-1.232222000000000008e-08 6.400000000000000000e+01
-1.206902000000000016e-08 6.600000000000000000e+01
-1.283525000000000073e-08 6.700000000000000000e+01
-1.220317999999999963e-08 6.800000000000000000e+01
