-4.000218000000000258e-09 0.000000000000000000e+00
-4.281275999999999889e-09 2.000000000000000000e+00
-4.052246999999999810e-09 3.000000000000000000e+00
-4.510939000000000236e-09 5.000000000000000000e+00
-4.330214000000000118e-09 6.000000000000000000e+00
-4.455055999999999675e-09 7.000000000000000000e+00
-4.403354999999999628e-09 8.000000000000000000e+00
-4.316140000000000359e-09 1.000000000000000000e+01
-4.506515000000000335e-09 1.100000000000000000e+01
-4.526252000000000388e-09 1.300000000000000000e+01
-4.304379000000000072e-09 1.400000000000000000e+01
-4.153003999999999652e-09 1.600000000000000000e+01
-4.451502000000000000e-09 1.700000000000000000e+01
-4.257757000000000272e-09 1.800000000000000000e+01
-4.468066000000000233e-09 1.900000000000000000e+01
-4.051874000000000023e-09 2.100000000000000000e+01
-4.258444000000000065e-09 2.200000000000000000e+01
-4.209717000000000095e-09 2.400000000000000000e+01
-4.100018999999999757e-09 2.500000000000000000e+01
-4.565230999999999866e-09 2.600000000000000000e+01
-4.131331999999999853e-09 2.800000000000000000e+01
-4.458644999999999755e-09 2.900000000000000000e+01
-4.211202000000000323e-09 3.100000000000000000e+01
-4.545571000000000370e-09 3.200000000000000000e+01
-4.271066000000000190e-09 3.300000000000000000e+01
-4.446448999999999769e-09 3.500000000000000000e+01
-4.648150999999999824e-09 3.600000000000000000e+01
-4.711349000000000374e-09 3.800000000000000000e+01
-4.290990000000000296e-09 3.900000000000000000e+01
-4.481170999999999641e-09 4.000000000000000000e+01
