-5.602323000000000486e-10 1.000000000000000000e+00
-5.758598999999999834e-10 2.000000000000000000e+00
-5.659220999999999932e-10 4.000000000000000000e+00
-5.596750000000000344e-10 5.000000000000000000e+00
-5.845581000000000103e-10 6.000000000000000000e+00
-5.819727000000000411e-10 8.000000000000000000e+00
-5.711637999999999917e-10 9.000000000000000000e+00
-5.731464000000000217e-10 1.100000000000000000e+01
-5.620392000000000086e-10 1.200000000000000000e+01
-5.658246999999999641e-10 1.300000000000000000e+01
-5.652920999999999653e-10 1.500000000000000000e+01
-5.820683000000000134e-10 1.600000000000000000e+01
-5.653568000000000137e-10 1.800000000000000000e+01
-5.731357999999999514e-10 1.900000000000000000e+01
-5.756467999999999854e-10 2.000000000000000000e+01
-5.682612000000000311e-10 2.200000000000000000e+01
-5.914949000000000023e-10 2.300000000000000000e+01
-5.669215000000000052e-10 2.500000000000000000e+01
-5.708795000000000447e-10 2.600000000000000000e+01
-5.664995000000000040e-10 2.700000000000000000e+01
