-6.515517999999999627e-09 0.000000000000000000e+00
-6.384018000000000236e-09 1.000000000000000000e+00
-6.359330000000000207e-09 3.000000000000000000e+00
-6.429431999999999600e-09 4.000000000000000000e+00
-6.507466999999999941e-09 6.000000000000000000e+00
-6.276368999999999588e-09 7.000000000000000000e+00
-6.370847999999999960e-09 8.000000000000000000e+00
-6.465942999999999826e-09 1.000000000000000000e+01
-6.569927999999999649e-09 1.100000000000000000e+01
-6.450113999999999798e-09 1.300000000000000000e+01
-6.524623000000000290e-09 1.400000000000000000e+01
-6.340143000000000116e-09 1.600000000000000000e+01
-6.309010999999999815e-09 1.700000000000000000e+01
-6.383006000000000240e-09 1.800000000000000000e+01
-6.282404000000000177e-09 2.000000000000000000e+01
-6.584075000000000345e-09 2.100000000000000000e+01
-6.508752000000000107e-09 2.200000000000000000e+01
-6.457815000000000410e-09 2.400000000000000000e+01
-6.590048000000000196e-09 2.500000000000000000e+01
-6.491496000000000141e-09 2.600000000000000000e+01
-6.464019999999999770e-09 2.800000000000000000e+01
-6.426019999999999695e-09 2.900000000000000000e+01
-6.472468000000000277e-09 3.000000000000000000e+01
-6.514824000000000084e-09 3.200000000000000000e+01
-6.436490000000000383e-09 3.300000000000000000e+01
-6.499880000000000099e-09 3.500000000000000000e+01
-6.582622000000000391e-09 3.600000000000000000e+01
-6.517762000000000266e-09 3.700000000000000000e+01
-6.538641999999999887e-09 3.900000000000000000e+01
-6.475535000000000221e-09 4.000000000000000000e+01
