-5.170630000000000290e-08 3.899999999994179234e-01
-5.216356000000000179e-08 1.779999999998835847e+00
-5.161296000000000082e-08 3.170000000000072760e+00
-5.279730999999999911e-08 4.569999999999708962e+00
-5.228006000000000155e-08 5.969999999999345164e+00
-4.869040000000000300e-08 7.359999999998763087e+00
-5.101149999999999988e-08 8.760000000000218279e+00
-5.149686999999999941e-08 1.014999999999963620e+01
-4.891262999999999718e-08 1.153999999999905413e+01
-4.867723000000000025e-08 1.292999999999847205e+01
-4.897598000000000152e-08 1.431999999999970896e+01
-5.038211000000000274e-08 1.570999999999912689e+01
-4.763911000000000259e-08 1.710999999999876309e+01
-4.936256000000000206e-08 1.850000000000000000e+01
-4.921743000000000134e-08 1.987999999999919964e+01
-4.756767000000000020e-08 2.126999999999861757e+01
-4.809836000000000057e-08 2.265999999999985448e+01
-4.773699999999999924e-08 2.403999999999905413e+01
-4.730540000000000086e-08 2.542999999999847205e+01
-4.916960000000000110e-08 2.682999999999992724e+01
-4.721931000000000038e-08 2.821999999999934516e+01
-4.754405000000000148e-08 2.960999999999876309e+01
-4.820785999999999900e-08 3.100000000000000000e+01
-4.717097999999999958e-08 3.238999999999941792e+01
-4.695906999999999964e-08 3.378999999999905413e+01
-4.749325999999999735e-08 3.519999999999890861e+01
-4.793601000000000309e-08 3.657999999999992724e+01
-4.786557000000000183e-08 3.796999999999934516e+01
-4.869515000000000177e-08 3.934999999999854481e+01
-4.672329000000000068e-08 4.073999999999978172e+01
-4.803486000000000136e-08 4.212999999999919964e+01
-4.772505000000000158e-08 4.351999999999861757e+01
-4.699785000000000020e-08 4.492000000000007276e+01
-4.715905000000000167e-08 4.630999999999949068e+01
-4.710290999999999942e-08 4.768999999999869033e+01
-4.918006000000000026e-08 4.909000000000014552e+01
-4.892545000000000086e-08 5.048999999999978172e+01
-4.707116000000000312e-08 5.188999999999941792e+01
-4.774743000000000207e-08 5.329999999999927240e+01
-4.901916999999999834e-08 5.468999999999869033e+01
-4.837151000000000060e-08 5.607999999999992724e+01
-4.823261000000000060e-08 5.746999999999934516e+01
-4.552600999999999673e-08 5.884999999999854481e+01
-4.739859999999999801e-08 6.025000000000000000e+01
-4.656438000000000128e-08 6.164999999999963620e+01
-4.758814000000000065e-08 6.311999999999898137e+01
-4.846080999999999863e-08 6.451000000000021828e+01
-4.776229999999999749e-08 6.590999999999985448e+01
-4.669826999999999905e-08 6.729999999999927240e+01
-4.832273000000000194e-08 6.869999999999890861e+01
-4.739710999999999950e-08 7.009000000000014552e+01
-4.800125999999999767e-08 7.147999999999956344e+01
-4.783875000000000212e-08 7.286999999999898137e+01
-4.702997999999999852e-08 7.426000000000021828e+01
-4.695679000000000076e-08 7.564999999999963620e+01
-4.943181999999999774e-08 7.704999999999927240e+01
-4.910859000000000154e-08 7.844999999999890861e+01
-4.792137000000000158e-08 7.984999999999854481e+01
-4.872257000000000084e-08 8.123999999999978172e+01
-4.357665000000000130e-08 8.263999999999941792e+01
-4.158424000000000073e-08 8.404999999999927240e+01
-4.050483000000000311e-08 8.544999999999890861e+01
-4.070976000000000150e-08 8.682999999999992724e+01
-3.985413999999999903e-08 8.820999999999912689e+01
-3.800654999999999962e-08 8.959999999999854481e+01
-3.652514999999999934e-08 9.100000000000000000e+01
-2.923287999999999925e-08 9.238999999999941792e+01
-3.121841000000000035e-08 9.377999999999883585e+01
-3.190295000000000180e-08 9.517999999999847205e+01
-3.400852000000000283e-08 9.656999999999970896e+01
-3.322550999999999852e-08 9.796999999999934516e+01
-3.429593000000000236e-08 9.936999999999898137e+01
-3.447919000000000158e-08 1.007500000000000000e+02
-3.433601999999999699e-08 1.021399999999994179e+02
-3.394543999999999853e-08 1.035299999999988358e+02
-3.525312000000000327e-08 1.049200000000000728e+02
-3.084940999999999883e-08 1.063199999999997090e+02
-2.951611999999999961e-08 1.077099999999991269e+02
-2.922080999999999972e-08 1.090999999999985448e+02
-3.035240999999999776e-08 1.104899999999997817e+02
-3.125026000000000206e-08 1.118899999999994179e+02
-3.077099000000000150e-08 1.132799999999988358e+02
-2.943910999999999844e-08 1.146700000000000728e+02
-3.087913999999999972e-08 1.160599999999994907e+02
-3.116184000000000000e-08 1.174499999999989086e+02
-3.121129000000000048e-08 1.188499999999985448e+02
-3.125204000000000037e-08 1.202399999999997817e+02
-3.030881000000000258e-08 1.216299999999991996e+02
-3.033943999999999920e-08 1.230100000000002183e+02
-3.148239000000000216e-08 1.244200000000000728e+02
-3.145978999999999771e-08 1.257999999999992724e+02
-3.087522000000000084e-08 1.272099999999991269e+02
-2.985740999999999895e-08 1.285999999999985448e+02
-3.136292999999999853e-08 1.300000000000000000e+02
-2.998507000000000262e-08 1.313799999999991996e+02
-3.000655000000000078e-08 1.327600000000002183e+02
-2.909357000000000089e-08 1.341599999999998545e+02
-2.862842000000000152e-08 1.355399999999990541e+02
-2.921746000000000056e-08 1.369399999999986903e+02
-2.725618000000000048e-08 1.383299999999999272e+02
-2.722606000000000100e-08 1.397299999999995634e+02
-2.552671000000000108e-08 1.411299999999991996e+02
-2.476129999999999886e-08 1.425100000000002183e+02
-2.623663999999999968e-08 1.438999999999996362e+02
-2.508857999999999899e-08 1.452899999999990541e+02
-2.537394000000000016e-08 1.466899999999986903e+02
-2.615787999999999984e-08 1.480900000000001455e+02
-2.533063000000000148e-08 1.494799999999995634e+02
-2.437232000000000089e-08 1.508799999999991996e+02
-2.524305999999999906e-08 1.522799999999988358e+02
-2.441464000000000163e-08 1.536700000000000728e+02
-2.414287000000000144e-08 1.550699999999997090e+02
-2.500751000000000063e-08 1.564399999999986903e+02
-2.474944000000000010e-08 1.578499999999985448e+02
-2.292111999999999912e-08 1.592399999999997817e+02
-2.034633000000000164e-08 1.606299999999991996e+02
-2.132756999999999938e-08 1.620199999999986176e+02
-2.016847999999999982e-08 1.633999999999996362e+02
-2.068295000000000125e-08 1.652099999999991269e+02
-2.065413999999999915e-08 1.665999999999985448e+02
-2.060882000000000163e-08 1.679899999999997817e+02
-2.348298999999999937e-08 1.693699999999989814e+02
-2.311939999999999856e-08 1.715399999999990541e+02
-2.546925000000000157e-08 1.729399999999986903e+02
-2.977650999999999854e-08 1.743400000000001455e+02
-3.027055999999999892e-08 1.757199999999993452e+02
-3.033463999999999773e-08 1.771099999999987631e+02
-3.059036999999999680e-08 1.785000000000000000e+02
-3.313453000000000097e-08 1.798799999999991996e+02
-3.197189000000000135e-08 1.812600000000002183e+02
-3.017288000000000303e-08 1.826599999999998545e+02
-3.134511999999999898e-08 1.840399999999990541e+02
-3.139049000000000251e-08 1.854399999999986903e+02
-3.073057999999999750e-08 1.868400000000001455e+02
-3.245579999999999870e-08 1.882299999999995634e+02
-3.211343000000000250e-08 1.896299999999991996e+02
-3.216306999999999738e-08 1.910100000000002183e+02
-3.089204999999999901e-08 1.924099999999998545e+02
-3.230796000000000100e-08 1.938099999999994907e+02
-3.164676999999999824e-08 1.951999999999989086e+02
-3.199622000000000141e-08 1.965900000000001455e+02
-3.084319999999999788e-08 1.979899999999997817e+02
-3.349846999999999754e-08 1.993799999999991996e+02
-3.322894000000000003e-08 2.007799999999988358e+02
-3.316719000000000280e-08 2.021700000000000728e+02
-3.258869999999999852e-08 2.035599999999994907e+02
-3.568626999999999944e-08 2.049499999999989086e+02
-3.240547000000000225e-08 2.063400000000001455e+02
-3.466332000000000020e-08 2.077500000000000000e+02
-3.500535000000000051e-08 2.091199999999989814e+02
-3.281040000000000242e-08 2.105100000000002183e+02
-3.556772000000000133e-08 2.119099999999998545e+02
-3.623409999999999754e-08 2.132999999999992724e+02
-3.551950999999999908e-08 2.146999999999989086e+02
-3.482240999999999742e-08 2.160999999999985448e+02
-3.721605000000000323e-08 2.174799999999995634e+02
-3.556627999999999891e-08 2.188699999999989814e+02
-3.798146000000000214e-08 2.202600000000002183e+02
-3.749592999999999792e-08 2.216499999999996362e+02
-3.807035999999999839e-08 2.230299999999988358e+02
-3.756524000000000293e-08 2.244200000000000728e+02
-3.865931000000000182e-08 2.258099999999994907e+02
-4.066241999999999864e-08 2.272099999999991269e+02
-3.932209000000000188e-08 2.286099999999987631e+02
-3.842832000000000115e-08 2.300100000000002183e+02
-3.955179999999999819e-08 2.313899999999994179e+02
-3.950276000000000267e-08 2.327799999999988358e+02
-4.029314000000000051e-08 2.341899999999986903e+02
-4.014451000000000244e-08 2.355900000000001455e+02
-3.859956999999999681e-08 2.369899999999997817e+02
-3.892277999999999988e-08 2.383999999999996362e+02
-4.054435999999999791e-08 2.397899999999990541e+02
-3.946622000000000147e-08 2.411799999999984720e+02
-4.048047000000000011e-08 2.425699999999997090e+02
-4.065446999999999889e-08 2.439499999999989086e+02
-3.937932000000000087e-08 2.453400000000001455e+02
-4.005684000000000123e-08 2.467299999999995634e+02
-4.010724000000000015e-08 2.481199999999989814e+02
-3.954046999999999963e-08 2.495100000000002183e+02
-4.088677000000000025e-08 2.508899999999994179e+02
-3.892476999999999896e-08 2.522899999999990541e+02
-3.984443999999999729e-08 2.536799999999984720e+02
-4.003969000000000031e-08 2.550599999999994907e+02
-3.826565000000000093e-08 2.564499999999989086e+02
-4.010044000000000303e-08 2.578499999999985448e+02
-3.994119999999999769e-08 2.592500000000000000e+02
-4.129577000000000080e-08 2.606499999999996362e+02
-4.027786000000000012e-08 2.620399999999990541e+02
-3.985637000000000182e-08 2.634299999999984720e+02
-4.166983999999999721e-08 2.648199999999997090e+02
-4.018190999999999985e-08 2.662199999999993452e+02
-4.068541999999999825e-08 2.675999999999985448e+02
-4.028654000000000097e-08 2.689899999999997817e+02
-3.882520999999999935e-08 2.703799999999991996e+02
-3.606630000000000314e-08 2.717699999999986176e+02
-3.153466999999999818e-08 2.731700000000000728e+02
-2.856089000000000145e-08 2.745599999999994907e+02
-2.882386999999999882e-08 2.759499999999989086e+02
-2.851835000000000006e-08 2.773299999999999272e+02
-2.985995000000000130e-08 2.787199999999993452e+02
-2.931952999999999956e-08 2.801199999999989814e+02
-3.095674000000000037e-08 2.815000000000000000e+02
-3.141378000000000192e-08 2.828999999999996362e+02
-2.996973999999999953e-08 2.842999999999992724e+02
-3.141833999999999968e-08 2.856899999999986903e+02
-3.146723000000000033e-08 2.870900000000001455e+02
-3.060579000000000211e-08 2.884799999999995634e+02
-2.995505000000000194e-08 2.898499999999985448e+02
-3.140788999999999710e-08 2.912600000000002183e+02
-3.064216000000000206e-08 2.926499999999996362e+02
-2.946430000000000133e-08 2.940499999999992724e+02
-2.999796000000000215e-08 2.954399999999986903e+02
-3.175928000000000326e-08 2.968299999999999272e+02
-3.111931000000000180e-08 2.982299999999995634e+02
-3.155584999999999996e-08 2.996299999999991996e+02
-3.183768999999999741e-08 3.010100000000002183e+02
-3.171277999999999686e-08 3.023999999999996362e+02
-3.238402000000000042e-08 3.037999999999992724e+02
-3.327148000000000141e-08 3.051899999999986903e+02
-3.250013000000000159e-08 3.065699999999997090e+02
-3.098089999999999917e-08 3.079699999999993452e+02
-3.067112000000000234e-08 3.093699999999989814e+02
-3.150749000000000283e-08 3.107699999999986176e+02
-3.033750999999999939e-08 3.121499999999996362e+02
-3.088390000000000168e-08 3.135399999999990541e+02
-3.152773999999999932e-08 3.149399999999986903e+02
-3.302135000000000075e-08 3.163299999999999272e+02
-3.370443000000000000e-08 3.177299999999995634e+02
-3.292617999999999765e-08 3.191299999999991996e+02
-3.418345000000000028e-08 3.205199999999986176e+02
-3.381734999999999676e-08 3.219200000000000728e+02
-3.274974000000000193e-08 3.233299999999999272e+02
-3.373344999999999956e-08 3.247299999999995634e+02
-3.258331999999999745e-08 3.261099999999987631e+02
-3.394263999999999933e-08 3.275000000000000000e+02
-3.198381000000000269e-08 3.288999999999996362e+02
-3.370487999999999787e-08 3.302799999999988358e+02
-3.358457999999999778e-08 3.316799999999984720e+02
-3.546127000000000239e-08 3.330799999999999272e+02
-4.237440000000000124e-08 3.344699999999993452e+02
-4.354178999999999963e-08 3.358499999999985448e+02
-4.247344000000000052e-08 3.372399999999997817e+02
-4.435585999999999866e-08 3.386199999999989814e+02
-4.426542999999999776e-08 3.400100000000002183e+02
-4.564630999999999682e-08 3.414099999999998545e+02
-4.543174000000000260e-08 3.428099999999994907e+02
-4.489409000000000043e-08 3.441999999999989086e+02
-4.650738000000000282e-08 3.455999999999985448e+02
-5.221216999999999921e-08 3.469899999999997817e+02
-5.263405999999999929e-08 3.483799999999991996e+02
-5.350110999999999910e-08 3.497799999999988358e+02
-5.236930000000000030e-08 3.511700000000000728e+02
-5.315469000000000228e-08 3.525699999999997090e+02
-5.230458999999999919e-08 3.539499999999989086e+02
-5.454161000000000104e-08 3.553499999999985448e+02
-5.302121999999999943e-08 3.567199999999993452e+02
-5.327248999999999953e-08 3.581199999999989814e+02
-5.285133999999999712e-08 3.595100000000002183e+02
-5.217948000000000105e-08 3.608899999999994179e+02
-5.309125999999999891e-08 3.622699999999986176e+02
-5.223852999999999786e-08 3.636700000000000728e+02
-5.254713000000000236e-08 3.650699999999997090e+02
-4.922304999999999951e-08 3.664599999999991269e+02
-5.051414999999999973e-08 3.678499999999985448e+02
-5.124108999999999764e-08 3.692500000000000000e+02
-5.306590000000000139e-08 3.706399999999994179e+02
-4.869403999999999866e-08 3.720399999999990541e+02
-4.740183999999999851e-08 3.734499999999989086e+02
-4.387125999999999973e-08 3.748499999999985448e+02
-4.786015000000000124e-08 3.762600000000002183e+02
-4.413518000000000227e-08 3.776599999999998545e+02
-4.701205000000000042e-08 3.790499999999992724e+02
-4.574740000000000107e-08 3.804399999999986903e+02
-4.572019999999999934e-08 3.818299999999999272e+02
-4.531540999999999748e-08 3.832199999999993452e+02
-4.369944000000000104e-08 3.846199999999989814e+02
-4.564776999999999901e-08 3.860000000000000000e+02
-4.384075000000000166e-08 3.873899999999994179e+02
-4.456595999999999734e-08 3.887899999999990541e+02
-4.625706999999999772e-08 3.901899999999986903e+02
-4.483752000000000007e-08 3.915699999999997090e+02
-4.489505000000000204e-08 3.929599999999991269e+02
-4.623107000000000132e-08 3.943499999999985448e+02
-4.399354999999999890e-08 3.957500000000000000e+02
-4.443581000000000064e-08 3.971399999999994179e+02
-3.914271000000000203e-08 3.985399999999990541e+02
-3.396799999999999685e-08 3.999299999999984720e+02
-3.455515000000000221e-08 4.013299999999999272e+02
-3.680254999999999757e-08 4.027199999999993452e+02
-3.617101999999999986e-08 4.041099999999987631e+02
-3.797534999999999998e-08 4.055100000000002183e+02
-3.893460000000000243e-08 4.068999999999996362e+02
-3.786708999999999977e-08 4.082899999999990541e+02
-3.888833999999999974e-08 4.096899999999986903e+02
-3.916968000000000323e-08 4.110799999999999272e+02
-3.644991000000000322e-08 4.124699999999993452e+02
-3.914647000000000285e-08 4.138499999999985448e+02
-3.728210000000000136e-08 4.152399999999997817e+02
-3.956422000000000009e-08 4.166299999999991996e+02
-3.984792000000000150e-08 4.180299999999988358e+02
