-1.390073999999999971e-09 0.000000000000000000e+00
-1.403948000000000082e-09 2.000000000000000000e+00
-1.329148000000000092e-09 3.000000000000000000e+00
-1.342112000000000049e-09 4.000000000000000000e+00
-1.373910000000000067e-09 6.000000000000000000e+00
-1.335800999999999987e-09 7.000000000000000000e+00
-1.311064999999999960e-09 9.000000000000000000e+00
-1.359632999999999910e-09 1.000000000000000000e+01
-1.404232000000000037e-09 1.100000000000000000e+01
-1.327973999999999947e-09 1.300000000000000000e+01
-1.358532999999999986e-09 1.400000000000000000e+01
-1.358048999999999970e-09 1.600000000000000000e+01
-1.376782000000000096e-09 1.700000000000000000e+01
-1.351366000000000025e-09 1.800000000000000000e+01
-1.378344000000000054e-09 2.000000000000000000e+01
-1.341999000000000010e-09 2.100000000000000000e+01
-1.355108999999999978e-09 2.300000000000000000e+01
-1.390863000000000018e-09 2.400000000000000000e+01
-1.417972999999999938e-09 2.500000000000000000e+01
-1.429710999999999924e-09 2.700000000000000000e+01
-1.342330000000000058e-09 2.800000000000000000e+01
-1.328363999999999984e-09 2.900000000000000000e+01
-1.387020000000000035e-09 3.100000000000000000e+01
-1.390344999999999917e-09 3.200000000000000000e+01
-1.358761999999999986e-09 3.400000000000000000e+01
-1.363653000000000068e-09 3.500000000000000000e+01
-1.419189999999999935e-09 3.600000000000000000e+01
-1.333367999999999898e-09 3.800000000000000000e+01
-1.432637999999999908e-09 3.900000000000000000e+01
-1.378929000000000006e-09 4.100000000000000000e+01
-1.322839999999999952e-09 4.200000000000000000e+01
-1.354563999999999956e-09 4.300000000000000000e+01
-1.358683000000000032e-09 4.500000000000000000e+01
-1.365871000000000070e-09 4.600000000000000000e+01
-1.293385999999999984e-09 4.700000000000000000e+01
-1.394060000000000044e-09 4.900000000000000000e+01
-1.346672999999999988e-09 5.000000000000000000e+01
-1.353296999999999944e-09 5.200000000000000000e+01
-1.421291999999999976e-09 5.300000000000000000e+01
-1.372877999999999899e-09 5.400000000000000000e+01
-1.355747000000000075e-09 5.600000000000000000e+01
-1.311540999999999907e-09 5.700000000000000000e+01
-1.316266999999999917e-09 5.800000000000000000e+01
-1.389801000000000007e-09 6.000000000000000000e+01
-1.332125000000000092e-09 6.100000000000000000e+01
-1.327085999999999981e-09 6.300000000000000000e+01
-1.429038999999999949e-09 6.400000000000000000e+01
-1.338618000000000061e-09 6.500000000000000000e+01
-1.396719000000000003e-09 6.700000000000000000e+01
-1.346147999999999930e-09 6.800000000000000000e+01
