-6.524839000000000157e-08 1.000000000000000000e+00
-6.516461999999999949e-08 2.000000000000000000e+00
-6.500030000000000269e-08 3.000000000000000000e+00
-6.446937999999999518e-08 5.000000000000000000e+00
-6.506429999999999585e-08 6.000000000000000000e+00
-6.509057999999999548e-08 8.000000000000000000e+00
-6.472946999999999444e-08 9.000000000000000000e+00
-6.480454999999999910e-08 1.100000000000000000e+01
-6.493402999999999399e-08 1.200000000000000000e+01
-6.475911000000000634e-08 1.300000000000000000e+01
-6.495266999999999342e-08 1.400000000000000000e+01
-6.506877999999999458e-08 1.600000000000000000e+01
-6.487002000000000426e-08 1.700000000000000000e+01
-6.574461999999999542e-08 1.900000000000000000e+01
-6.534085000000000107e-08 2.000000000000000000e+01
-6.474971000000000098e-08 2.200000000000000000e+01
-6.501768999999999409e-08 2.300000000000000000e+01
-6.503114000000000008e-08 2.400000000000000000e+01
-6.519583999999999890e-08 2.500000000000000000e+01
-6.529941999999999618e-08 2.700000000000000000e+01
-6.524198999999999961e-08 2.800000000000000000e+01
-6.493465000000000634e-08 3.000000000000000000e+01
-6.469610000000000451e-08 3.100000000000000000e+01
-6.467388000000000208e-08 3.300000000000000000e+01
-6.558106000000000266e-08 3.400000000000000000e+01
-6.481088999999999518e-08 3.500000000000000000e+01
-6.479871000000000360e-08 3.700000000000000000e+01
-6.605146000000000137e-08 3.800000000000000000e+01
-6.581020000000000255e-08 3.900000000000000000e+01
-6.529828999999999992e-08 4.100000000000000000e+01
