-2.728188999999999956e-09 3.899999999994179234e-01
-2.953056000000000106e-09 1.799999999999272404e+00
-2.802471000000000051e-09 3.180000000000291038e+00
-2.899414999999999960e-09 4.590000000000145519e+00
-2.747860999999999968e-09 5.979999999999563443e+00
-2.854887000000000132e-09 7.380000000001018634e+00
-2.848102999999999838e-09 8.779999999998835847e+00
-2.821538999999999845e-09 1.018000000000029104e+01
-3.027244999999999921e-09 1.156000000000130967e+01
-2.893896999999999979e-09 1.302000000000043656e+01
-2.977454999999999827e-09 1.443000000000029104e+01
-2.962500999999999963e-09 1.581999999999970896e+01
-2.756767000000000061e-09 1.722000000000116415e+01
-3.044565999999999927e-09 1.861999999999898137e+01
-2.663932000000000143e-09 2.000000000000000000e+01
-2.946697999999999950e-09 2.138999999999941792e+01
-3.069385999999999848e-09 2.277999999999883585e+01
-3.332741000000000124e-09 2.417000000000189175e+01
-3.009138999999999901e-09 2.556000000000130967e+01
-2.867732000000000205e-09 2.693999999999869033e+01
-3.116581999999999816e-09 2.833000000000174623e+01
-2.612870999999999796e-09 2.972000000000116415e+01
-3.059405999999999847e-09 3.111999999999898137e+01
-2.775311999999999815e-09 3.250000000000000000e+01
-2.740160000000000183e-09 3.388999999999941792e+01
-2.867537999999999988e-09 3.529000000000087311e+01
-2.934597000000000056e-09 3.668000000000029104e+01
-2.886415000000000108e-09 3.806999999999970896e+01
-2.986246000000000071e-09 3.947000000000116415e+01
-2.955230999999999842e-09 4.086000000000058208e+01
-3.396154000000000140e-09 4.226000000000203727e+01
-2.665254000000000111e-09 4.365999999999985448e+01
-2.735280000000000092e-09 4.504000000000087311e+01
-2.857979000000000187e-09 4.643000000000029104e+01
-3.016592000000000040e-09 4.781999999999970896e+01
-2.788828999999999862e-09 4.920000000000072760e+01
-2.824485000000000096e-09 5.059999999999854481e+01
-2.690535000000000160e-09 5.197999999999956344e+01
-2.751257000000000149e-09 5.336999999999898137e+01
-2.825004000000000102e-09 5.476000000000203727e+01
-2.957401000000000053e-09 5.615999999999985448e+01
-2.776667999999999867e-09 5.754999999999927240e+01
-2.881936999999999950e-09 5.893999999999869033e+01
-2.956033999999999803e-09 6.033000000000174623e+01
-2.912622999999999942e-09 6.172000000000116415e+01
-3.077352000000000149e-09 6.311999999999898137e+01
-2.883903999999999971e-09 6.452000000000043656e+01
-2.605090000000000152e-09 6.593000000000029104e+01
-3.079269999999999852e-09 6.733000000000174623e+01
-2.675955999999999894e-09 6.872000000000116415e+01
-3.364293999999999798e-09 7.011999999999898137e+01
-2.785543000000000004e-09 7.151000000000203727e+01
-2.785495999999999911e-09 7.290000000000145519e+01
-2.788600000000000069e-09 7.429999999999927240e+01
-2.730342000000000124e-09 7.568999999999869033e+01
-2.816102000000000043e-09 7.709000000000014552e+01
-2.859070000000000137e-09 7.847999999999956344e+01
-2.755438999999999836e-09 7.988999999999941792e+01
-2.770085999999999858e-09 8.127999999999883585e+01
-3.203518999999999802e-09 8.267000000000189175e+01
-2.955897999999999877e-09 8.406999999999970896e+01
-2.870241000000000118e-09 8.547000000000116415e+01
-2.771688000000000159e-09 8.686999999999898137e+01
-2.915639000000000172e-09 8.825000000000000000e+01
-2.961641999999999935e-09 8.963999999999941792e+01
-2.980562000000000114e-09 9.102000000000043656e+01
-2.993815999999999870e-09 9.242000000000189175e+01
-2.572333000000000075e-09 9.381000000000130967e+01
-2.884366000000000005e-09 9.520000000000072760e+01
-3.002391999999999820e-09 9.659999999999854481e+01
-2.773159000000000060e-09 9.800000000000000000e+01
-2.886935000000000019e-09 9.940000000000145519e+01
-3.031007000000000140e-09 1.007900000000008731e+02
-2.911943999999999804e-09 1.021899999999986903e+02
-2.863398000000000042e-09 1.035699999999997090e+02
-2.925014000000000049e-09 1.049700000000011642e+02
-3.041595999999999885e-09 1.063600000000005821e+02
-3.011843999999999841e-09 1.077500000000000000e+02
-2.995420999999999887e-09 1.091500000000014552e+02
-2.847834000000000115e-09 1.105600000000013097e+02
-2.844002999999999821e-09 1.119599999999991269e+02
-2.880584999999999933e-09 1.133600000000005821e+02
-2.897591000000000029e-09 1.147500000000000000e+02
-2.984541999999999929e-09 1.161399999999994179e+02
-2.866365999999999860e-09 1.175299999999988358e+02
-2.699475999999999830e-09 1.189200000000018917e+02
-2.887284000000000015e-09 1.203199999999997090e+02
-2.882276000000000067e-09 1.217200000000011642e+02
-3.063225000000000038e-09 1.231100000000005821e+02
-2.943233000000000108e-09 1.245000000000000000e+02
-2.846204999999999892e-09 1.259000000000014552e+02
-2.775321000000000202e-09 1.272900000000008731e+02
-2.855600999999999846e-09 1.286700000000018917e+02
-2.798058999999999840e-09 1.300699999999997090e+02
-2.948951000000000149e-09 1.314500000000007276e+02
-3.021533000000000137e-09 1.328400000000001455e+02
-2.710793999999999935e-09 1.342299999999995634e+02
-2.689755999999999991e-09 1.356199999999989814e+02
-2.696781000000000182e-09 1.370200000000004366e+02
-2.987890000000000112e-09 1.384200000000018917e+02
-2.754364999999999928e-09 1.398100000000013097e+02
-2.676788999999999906e-09 1.412000000000007276e+02
-3.116440000000000045e-09 1.425800000000017462e+02
-2.834081000000000111e-09 1.439799999999995634e+02
-2.741094000000000130e-09 1.453800000000010186e+02
-2.793193999999999981e-09 1.467700000000004366e+02
-3.394210000000000007e-09 1.481500000000014552e+02
-2.580115000000000039e-09 1.495400000000008731e+02
-3.112484000000000023e-09 1.509300000000002910e+02
-3.032409999999999871e-09 1.523100000000013097e+02
-2.874054999999999956e-09 1.537000000000007276e+02
-2.838788000000000062e-09 1.550900000000001455e+02
-2.875869999999999913e-09 1.564799999999995634e+02
-3.294073000000000108e-09 1.578899999999994179e+02
-3.191592999999999858e-09 1.592799999999988358e+02
-2.718702999999999850e-09 1.606700000000018917e+02
-3.051512000000000164e-09 1.620600000000013097e+02
-2.841535000000000156e-09 1.634500000000007276e+02
-2.742091999999999799e-09 1.648400000000001455e+02
-2.668161999999999828e-09 1.662299999999995634e+02
-2.714033000000000113e-09 1.676300000000010186e+02
-2.910467000000000058e-09 1.690200000000004366e+02
-2.755693000000000154e-09 1.704200000000018917e+02
-2.770196000000000181e-09 1.718100000000013097e+02
-2.867767000000000195e-09 1.731899999999986903e+02
-2.769844000000000056e-09 1.745800000000017462e+02
-2.728357000000000156e-09 1.759700000000011642e+02
-3.128156000000000049e-09 1.773499999999985448e+02
-2.811111000000000137e-09 1.787500000000000000e+02
-2.874538999999999973e-09 1.801300000000010186e+02
-2.758637000000000180e-09 1.815200000000004366e+02
-2.655898000000000086e-09 1.829099999999998545e+02
-2.819575999999999859e-09 1.842900000000008731e+02
-2.842355000000000159e-09 1.856800000000002910e+02
-2.793633000000000128e-09 1.870699999999997090e+02
-2.777839999999999994e-09 1.884599999999991269e+02
-2.993983000000000165e-09 1.898600000000005821e+02
-2.759406000000000056e-09 1.912500000000000000e+02
-2.685394999999999907e-09 1.926399999999994179e+02
-2.865024000000000135e-09 1.940400000000008731e+02
-2.689453000000000184e-09 1.954399999999986903e+02
-2.871795000000000008e-09 1.968300000000017462e+02
-2.976563999999999938e-09 1.982299999999995634e+02
-2.799779000000000119e-09 1.996100000000005821e+02
-2.867660000000000001e-09 2.010000000000000000e+02
-2.587495000000000069e-09 2.024000000000014552e+02
-2.803605000000000060e-09 2.037999999999992724e+02
-2.652679000000000079e-09 2.052000000000007276e+02
-2.832366000000000184e-09 2.065900000000001455e+02
-2.946719999999999932e-09 2.079700000000011642e+02
-2.965558999999999933e-09 2.093699999999989814e+02
-3.068729000000000105e-09 2.107600000000020373e+02
-2.867617999999999847e-09 2.121599999999998545e+02
-3.205885000000000040e-09 2.135600000000013097e+02
-2.800941999999999859e-09 2.149500000000007276e+02
-2.836219999999999952e-09 2.163400000000001455e+02
-2.787606999999999926e-09 2.177299999999995634e+02
-2.813196000000000136e-09 2.191300000000010186e+02
-3.112216000000000205e-09 2.205200000000004366e+02
-3.113449999999999831e-09 2.219099999999998545e+02
-2.788418999999999860e-09 2.232999999999992724e+02
-2.997779999999999961e-09 2.246800000000002910e+02
-3.015875000000000197e-09 2.260800000000017462e+02
-2.896382000000000101e-09 2.274799999999995634e+02
-2.764415999999999814e-09 2.288800000000010186e+02
-2.887702999999999990e-09 2.302700000000004366e+02
-2.709937000000000131e-09 2.316599999999998545e+02
-2.776663999999999832e-09 2.330600000000013097e+02
-2.940925000000000161e-09 2.344500000000007276e+02
-2.723926000000000092e-09 2.358400000000001455e+02
-3.070060000000000046e-09 2.372200000000011642e+02
-2.943448999999999893e-09 2.386300000000010186e+02
-2.876649999999999987e-09 2.400000000000000000e+02
-2.725902999999999991e-09 2.414000000000014552e+02
-2.896060000000000027e-09 2.428100000000013097e+02
-3.173294999999999845e-09 2.442000000000007276e+02
-2.895528999999999918e-09 2.455900000000001455e+02
-2.836808999999999938e-09 2.469799999999995634e+02
-2.999022999999999974e-09 2.483800000000010186e+02
-2.960157000000000121e-09 2.497799999999988358e+02
-3.106507000000000138e-09 2.511700000000018917e+02
-2.865443000000000111e-09 2.525600000000013097e+02
-3.154942000000000085e-09 2.539500000000007276e+02
-2.806756999999999803e-09 2.553400000000001455e+02
-2.571648999999999998e-09 2.567299999999995634e+02
-2.770027999999999981e-09 2.581300000000010186e+02
-2.795353999999999899e-09 2.595299999999988358e+02
-2.877555000000000203e-09 2.609300000000002910e+02
-2.762451000000000018e-09 2.623300000000017462e+02
-2.789943000000000113e-09 2.637299999999995634e+02
-3.048130999999999801e-09 2.651399999999994179e+02
-2.933494999999999908e-09 2.665400000000008731e+02
-2.838544000000000036e-09 2.679399999999986903e+02
-2.842728999999999852e-09 2.693300000000017462e+02
-2.617009999999999837e-09 2.707299999999995634e+02
-3.075708000000000108e-09 2.721100000000005821e+02
-2.886743999999999932e-09 2.735000000000000000e+02
-2.805321999999999797e-09 2.748899999999994179e+02
-2.907060000000000092e-09 2.762900000000008731e+02
-2.790367999999999933e-09 2.776899999999986903e+02
-2.952120999999999840e-09 2.790800000000017462e+02
-2.837731000000000196e-09 2.804799999999995634e+02
-2.726612000000000179e-09 2.818800000000010186e+02
-2.633491000000000083e-09 2.832600000000020373e+02
-2.764434000000000175e-09 2.846399999999994179e+02
-2.677894000000000183e-09 2.860299999999988358e+02
-2.804216000000000028e-09 2.874300000000002910e+02
-2.924211999999999993e-09 2.887999999999992724e+02
-2.708571000000000200e-09 2.902000000000007276e+02
-2.707211000000000114e-09 2.915900000000001455e+02
-3.374261000000000204e-09 2.929700000000011642e+02
-2.827895000000000190e-09 2.943600000000005821e+02
-3.105211000000000187e-09 2.957600000000020373e+02
-2.981208000000000072e-09 2.971599999999998545e+02
-2.870675999999999817e-09 2.985600000000013097e+02
-3.009815999999999815e-09 2.999700000000011642e+02
-2.873313999999999907e-09 3.013699999999989814e+02
-3.000537999999999839e-09 3.027500000000000000e+02
-3.177558000000000123e-09 3.041500000000014552e+02
-2.735301000000000169e-09 3.055499999999992724e+02
-2.716916000000000133e-09 3.069399999999986903e+02
-2.679794999999999843e-09 3.083400000000001455e+02
-2.891950000000000131e-09 3.097299999999995634e+02
-2.644514000000000035e-09 3.111300000000010186e+02
-2.868990000000000036e-09 3.125299999999988358e+02
-3.060987999999999977e-09 3.139200000000018917e+02
-3.222634000000000103e-09 3.152900000000008731e+02
-2.807861000000000174e-09 3.166899999999986903e+02
-2.922900999999999810e-09 3.180900000000001455e+02
-3.032993999999999918e-09 3.194799999999995634e+02
-2.903715999999999943e-09 3.208899999999994179e+02
-3.072192000000000138e-09 3.222799999999988358e+02
-2.736787999999999793e-09 3.236700000000018917e+02
-2.882940999999999878e-09 3.250600000000013097e+02
-2.848123999999999914e-09 3.264399999999986903e+02
-3.185237999999999832e-09 3.278400000000001455e+02
-2.826816999999999835e-09 3.292400000000016007e+02
-2.757209999999999829e-09 3.306399999999994179e+02
-2.838021999999999901e-09 3.320400000000008731e+02
-3.028724999999999796e-09 3.334300000000002910e+02
-2.815926000000000187e-09 3.348300000000017462e+02
-2.821943999999999908e-09 3.362200000000011642e+02
-3.156837999999999806e-09 3.376100000000005821e+02
-2.788670000000000049e-09 3.390100000000020373e+02
-2.844729000000000052e-09 3.404000000000014552e+02
-2.619180000000000048e-09 3.417900000000008731e+02
-2.743358000000000113e-09 3.431800000000002910e+02
-2.835825000000000183e-09 3.445699999999997090e+02
-2.560302000000000161e-09 3.459700000000011642e+02
-2.810395000000000199e-09 3.473600000000005821e+02
-3.145694000000000160e-09 3.487500000000000000e+02
-2.649771999999999853e-09 3.501500000000014552e+02
-3.000475999999999928e-09 3.515400000000008731e+02
-2.876958000000000148e-09 3.529399999999986903e+02
-2.937080999999999858e-09 3.543300000000017462e+02
-2.856563000000000034e-09 3.557200000000011642e+02
-3.067190999999999940e-09 3.570999999999985448e+02
-2.802708999999999818e-09 3.585000000000000000e+02
-2.829340000000000075e-09 3.598899999999994179e+02
-3.017160999999999855e-09 3.612999999999992724e+02
-3.030956999999999918e-09 3.627000000000007276e+02
-2.905935999999999962e-09 3.640800000000017462e+02
-3.185764999999999907e-09 3.654700000000011642e+02
-2.896329000000000163e-09 3.668600000000005821e+02
-2.815747000000000203e-09 3.682600000000020373e+02
-3.213713000000000191e-09 3.696500000000014552e+02
-2.761582000000000111e-09 3.710600000000013097e+02
-2.727163000000000046e-09 3.724500000000007276e+02
-2.922249000000000007e-09 3.738400000000001455e+02
-2.978503000000000132e-09 3.752299999999995634e+02
-2.938709000000000176e-09 3.766300000000010186e+02
-3.114217999999999802e-09 3.780200000000004366e+02
-2.959084000000000118e-09 3.794099999999998545e+02
-2.954465000000000095e-09 3.807999999999992724e+02
-2.989134000000000030e-09 3.821899999999986903e+02
-2.635837000000000149e-09 3.835699999999997090e+02
-2.939386999999999995e-09 3.849599999999991269e+02
-2.910637999999999974e-09 3.863499999999985448e+02
-2.756261000000000063e-09 3.877400000000016007e+02
-2.737096999999999859e-09 3.891300000000010186e+02
-2.532314999999999852e-09 3.905200000000004366e+02
-2.795409999999999966e-09 3.919099999999998545e+02
-2.705595999999999804e-09 3.933100000000013097e+02
-2.946868999999999866e-09 3.947099999999991269e+02
-2.988132999999999818e-09 3.960999999999985448e+02
-2.651981999999999993e-09 3.975000000000000000e+02
-2.685018999999999990e-09 3.988800000000010186e+02
-2.897252999999999818e-09 4.002799999999988358e+02
-3.218937999999999829e-09 4.016700000000018917e+02
-3.282078999999999994e-09 4.030600000000013097e+02
-2.891027999999999873e-09 4.044500000000007276e+02
-2.835740999999999876e-09 4.058300000000017462e+02
-2.787175999999999847e-09 4.072299999999995634e+02
-2.782654000000000139e-09 4.086300000000010186e+02
-2.864239000000000122e-09 4.100200000000004366e+02
-2.888186000000000101e-09 4.114099999999998545e+02
-2.728268999999999815e-09 4.128100000000013097e+02
-2.625383999999999916e-09 4.142000000000007276e+02
-2.846375999999999808e-09 4.155800000000017462e+02
-2.755262999999999980e-09 4.169700000000011642e+02
