-3.223507000000000226e-07 0.000000000000000000e+00
-3.298658999999999786e-07 1.000000000000000000e+00
-3.224722999999999805e-07 3.000000000000000000e+00
-3.310032999999999925e-07 4.000000000000000000e+00
-3.223478999999999770e-07 6.000000000000000000e+00
-3.243163999999999989e-07 7.000000000000000000e+00
-3.261242999999999923e-07 8.000000000000000000e+00
-3.237700999999999856e-07 1.000000000000000000e+01
-3.287279000000000117e-07 1.100000000000000000e+01
-3.272832000000000173e-07 1.200000000000000000e+01
-3.273713000000000034e-07 1.400000000000000000e+01
-3.326137999999999790e-07 1.500000000000000000e+01
-3.248243000000000005e-07 1.600000000000000000e+01
-3.232303999999999851e-07 1.800000000000000000e+01
-3.243218999999999919e-07 1.900000000000000000e+01
-3.312775000000000228e-07 2.100000000000000000e+01
-3.214467999999999955e-07 2.200000000000000000e+01
-3.254054999999999819e-07 2.300000000000000000e+01
-3.234473000000000008e-07 2.500000000000000000e+01
-3.264797000000000194e-07 2.600000000000000000e+01
-3.251189000000000222e-07 2.700000000000000000e+01
-3.284279999999999813e-07 2.900000000000000000e+01
-3.284601000000000098e-07 3.000000000000000000e+01
-3.210053999999999768e-07 3.200000000000000000e+01
-3.260159000000000070e-07 3.300000000000000000e+01
-3.250023999999999827e-07 3.500000000000000000e+01
-3.243891000000000258e-07 3.600000000000000000e+01
-3.282430000000000098e-07 3.700000000000000000e+01
-3.205762000000000089e-07 3.900000000000000000e+01
-3.264731999999999988e-07 4.000000000000000000e+01
