-1.450475999999999903e-09 1.000000000000000000e+00
-1.591121000000000093e-09 2.000000000000000000e+00
-1.459080999999999999e-09 3.000000000000000000e+00
-1.431086000000000035e-09 5.000000000000000000e+00
-1.574461999999999975e-09 6.000000000000000000e+00
-1.552445000000000009e-09 8.000000000000000000e+00
-1.532434000000000087e-09 9.000000000000000000e+00
-1.525479999999999989e-09 1.000000000000000000e+01
-1.494205999999999917e-09 1.200000000000000000e+01
-1.605490000000000005e-09 1.300000000000000000e+01
-1.522356999999999978e-09 1.400000000000000000e+01
-1.469902000000000080e-09 1.600000000000000000e+01
-1.572339999999999970e-09 1.700000000000000000e+01
-1.587492999999999990e-09 1.900000000000000000e+01
-1.305590000000000038e-09 2.000000000000000000e+01
-1.648182999999999911e-09 2.100000000000000000e+01
-1.559746999999999991e-09 2.300000000000000000e+01
-1.357848000000000004e-09 2.400000000000000000e+01
-1.261618999999999922e-09 2.600000000000000000e+01
-1.561722999999999985e-09 2.700000000000000000e+01
-1.517443000000000009e-09 2.800000000000000000e+01
-1.720633000000000008e-09 3.000000000000000000e+01
-1.758341999999999965e-09 3.100000000000000000e+01
-1.691971000000000009e-09 3.200000000000000000e+01
-1.540814999999999916e-09 3.400000000000000000e+01
-1.541464000000000003e-09 3.500000000000000000e+01
-1.412214000000000062e-09 3.600000000000000000e+01
-1.480076000000000091e-09 3.800000000000000000e+01
-1.447707000000000034e-09 3.900000000000000000e+01
-1.493424999999999938e-09 4.100000000000000000e+01
-1.563249999999999953e-09 4.200000000000000000e+01
-1.645918999999999928e-09 4.300000000000000000e+01
-1.374724000000000019e-09 4.500000000000000000e+01
-1.559352000000000014e-09 4.600000000000000000e+01
-1.564643000000000012e-09 4.800000000000000000e+01
-1.438333000000000062e-09 4.900000000000000000e+01
-1.439559000000000033e-09 5.000000000000000000e+01
-1.570913000000000032e-09 5.200000000000000000e+01
-1.523911000000000074e-09 5.300000000000000000e+01
-1.474408999999999970e-09 5.400000000000000000e+01
-1.575547999999999986e-09 5.600000000000000000e+01
-1.388483000000000074e-09 5.700000000000000000e+01
-1.662451000000000094e-09 5.900000000000000000e+01
-1.481989000000000061e-09 6.000000000000000000e+01
-1.787847000000000061e-09 6.100000000000000000e+01
-1.611579000000000024e-09 6.300000000000000000e+01
-1.596037999999999984e-09 6.400000000000000000e+01
-1.511929999999999968e-09 6.500000000000000000e+01
-1.731090000000000068e-09 6.700000000000000000e+01
-1.557762000000000023e-09 6.800000000000000000e+01
