-8.424309000000000341e-10 1.000000000000000000e+00
-7.580911999999999846e-10 2.000000000000000000e+00
-7.030237999999999893e-10 3.000000000000000000e+00
-6.782874000000000415e-10 5.000000000000000000e+00
-8.006341000000000197e-10 6.000000000000000000e+00
-6.830023000000000290e-10 8.000000000000000000e+00
-7.530805000000000031e-10 9.000000000000000000e+00
-7.458352000000000013e-10 1.100000000000000000e+01
-9.064896000000000168e-10 1.200000000000000000e+01
-7.348653000000000183e-10 1.300000000000000000e+01
-7.821465999999999841e-10 1.500000000000000000e+01
-7.197923999999999927e-10 1.600000000000000000e+01
-7.624203000000000333e-10 1.800000000000000000e+01
-7.514834000000000232e-10 1.900000000000000000e+01
-7.503436999999999553e-10 2.000000000000000000e+01
-7.901300000000000415e-10 2.200000000000000000e+01
-7.087696000000000006e-10 2.300000000000000000e+01
-7.818257999999999824e-10 2.400000000000000000e+01
-7.246356999999999650e-10 2.600000000000000000e+01
-8.488173999999999685e-10 2.700000000000000000e+01
