-1.360070000000000081e-08 0.000000000000000000e+00
-1.411248999999999993e-08 1.000000000000000000e+00
-1.383908999999999962e-08 3.000000000000000000e+00
-1.364703999999999923e-08 4.000000000000000000e+00
-1.356125999999999997e-08 5.000000000000000000e+00
-1.388066999999999938e-08 7.000000000000000000e+00
-1.366886999999999976e-08 8.000000000000000000e+00
-1.397386999999999985e-08 1.000000000000000000e+01
-1.333564000000000049e-08 1.100000000000000000e+01
-1.354759999999999983e-08 1.300000000000000000e+01
-1.345553000000000058e-08 1.400000000000000000e+01
-1.403579999999999986e-08 1.500000000000000000e+01
-1.365161000000000018e-08 1.700000000000000000e+01
-1.382465000000000065e-08 1.800000000000000000e+01
-1.359844000000000004e-08 1.900000000000000000e+01
-1.370314000000000031e-08 2.100000000000000000e+01
-1.406446000000000046e-08 2.200000000000000000e+01
-1.325462999999999975e-08 2.400000000000000000e+01
-1.384315999999999999e-08 2.500000000000000000e+01
-1.367996999999999944e-08 2.600000000000000000e+01
