-2.865490999999999799e-10 0.000000000000000000e+00
-2.071896999999999923e-10 2.000000000000000000e+00
-1.688513999999999976e-10 3.000000000000000000e+00
-2.896819000000000127e-10 5.000000000000000000e+00
-2.139448999999999981e-10 6.000000000000000000e+00
-2.332924999999999986e-10 7.000000000000000000e+00
-2.118189999999999899e-10 9.000000000000000000e+00
-2.482792999999999783e-10 1.000000000000000000e+01
-1.649650999999999890e-10 1.200000000000000000e+01
-2.553826999999999829e-10 1.300000000000000000e+01
-2.398168000000000191e-10 1.400000000000000000e+01
-2.054000999999999895e-10 1.600000000000000000e+01
-1.877292000000000107e-10 1.700000000000000000e+01
-2.632473999999999940e-10 1.900000000000000000e+01
-3.079132999999999918e-10 2.000000000000000000e+01
-2.653620999999999992e-10 2.100000000000000000e+01
-1.749970999999999964e-10 2.200000000000000000e+01
-3.449337000000000080e-10 2.400000000000000000e+01
-1.578561000000000087e-10 2.500000000000000000e+01
-3.173340000000000128e-10 2.700000000000000000e+01
-2.345444000000000054e-10 2.800000000000000000e+01
-2.475522999999999972e-10 2.900000000000000000e+01
-2.346784000000000175e-10 3.100000000000000000e+01
-2.442563999999999818e-10 3.200000000000000000e+01
-2.334142999999999991e-10 3.400000000000000000e+01
-2.202067999999999959e-10 3.500000000000000000e+01
-2.186280999999999877e-10 3.700000000000000000e+01
-3.057030000000000144e-10 3.800000000000000000e+01
-1.896104000000000032e-10 3.900000000000000000e+01
-1.472000999999999992e-10 4.000000000000000000e+01
