-4.885688000000000303e-10 0.000000000000000000e+00
-5.008106999999999651e-10 2.000000000000000000e+00
-4.987343000000000197e-10 3.000000000000000000e+00
-4.890339000000000187e-10 4.000000000000000000e+00
-5.069629999999999998e-10 6.000000000000000000e+00
-5.128497999999999799e-10 7.000000000000000000e+00
-5.372969000000000412e-10 8.000000000000000000e+00
-4.993746999999999506e-10 1.000000000000000000e+01
-5.007992000000000215e-10 1.100000000000000000e+01
-5.073806999999999744e-10 1.300000000000000000e+01
-5.142217000000000338e-10 1.400000000000000000e+01
-4.995397000000000219e-10 1.600000000000000000e+01
-5.147222000000000364e-10 1.700000000000000000e+01
-5.203382999999999587e-10 1.800000000000000000e+01
-5.330926999999999990e-10 2.000000000000000000e+01
-5.095902999999999872e-10 2.100000000000000000e+01
-5.300795000000000409e-10 2.300000000000000000e+01
-5.253049999999999763e-10 2.400000000000000000e+01
-5.007214999999999650e-10 2.500000000000000000e+01
-5.053455000000000309e-10 2.700000000000000000e+01
