-1.748992999999999897e-09 3.969999999999345164e-01
-1.896693000000000121e-09 1.793999999999869033e+00
-1.753656000000000091e-09 3.170000000000072760e+00
-1.882657000000000068e-09 4.568999999999505235e+00
-2.452617000000000031e-09 5.960000000000036380e+00
-1.810182999999999972e-09 7.354999999999563443e+00
-1.869376999999999882e-09 8.742999999999483407e+00
-1.832046999999999971e-09 1.012899999999990541e+01
-1.852575999999999993e-09 1.152099999999973079e+01
-1.738645000000000048e-09 1.291299999999955617e+01
-1.837313000000000064e-09 1.430000000000018190e+01
-2.035328999999999931e-09 1.569700000000011642e+01
-1.769056999999999964e-09 1.709099999999943975e+01
-1.858159999999999920e-09 1.848300000000017462e+01
-1.969542000000000021e-09 1.987799999999970169e+01
-1.866925999999999846e-09 2.128099999999994907e+01
-1.936217999999999941e-09 2.267299999999977445e+01
-1.812343000000000097e-09 2.406199999999989814e+01
-1.841477000000000009e-09 2.545100000000002183e+01
-1.957602000000000164e-09 2.684099999999943975e+01
-1.817445999999999930e-09 2.823599999999987631e+01
-1.887730000000000056e-09 2.963400000000001455e+01
-1.802316999999999909e-09 3.102300000000013824e+01
-1.777636000000000043e-09 3.241899999999986903e+01
-1.752703999999999989e-09 3.381300000000010186e+01
-1.946745000000000188e-09 3.520499999999992724e+01
-1.875509999999999865e-09 3.659999999999945430e+01
-1.829717999999999947e-09 3.798199999999997090e+01
-1.916714000000000129e-09 3.938400000000001455e+01
-1.731847999999999953e-09 4.077899999999954161e+01
-1.817028000000000066e-09 4.215499999999974534e+01
-1.855443999999999988e-09 4.355900000000019645e+01
-1.769878000000000079e-09 4.495600000000013097e+01
-1.825604000000000017e-09 4.635499999999956344e+01
-1.875604999999999956e-09 4.774099999999998545e+01
-1.879908000000000163e-09 4.913299999999981083e+01
-1.949185000000000027e-09 5.051999999999952706e+01
-1.804195000000000096e-09 5.191399999999975989e+01
-1.724691999999999983e-09 5.331199999999989814e+01
-1.807079000000000021e-09 5.469899999999961437e+01
-1.930052000000000192e-09 5.608200000000033469e+01
-2.069215000000000076e-09 5.746599999999943975e+01
-1.764321999999999980e-09 5.885999999999967258e+01
-1.958832000000000169e-09 6.024600000000009459e+01
-1.786211000000000089e-09 6.162699999999949796e+01
-1.799777999999999945e-09 6.301900000000023283e+01
-1.760053999999999969e-09 6.440799999999944703e+01
-1.813903000000000038e-09 6.580799999999999272e+01
-1.775023000000000065e-09 6.719899999999961437e+01
-1.885838999999999861e-09 6.858799999999973807e+01
-1.897283999999999918e-09 6.997099999999954889e+01
-1.924236999999999835e-09 7.136599999999998545e+01
-1.851871000000000046e-09 7.276699999999982538e+01
-1.958370000000000135e-09 7.414999999999963620e+01
-1.785852000000000008e-09 7.553200000000015280e+01
-1.831449000000000010e-09 7.692699999999967986e+01
-1.854312999999999902e-09 7.831199999999989814e+01
-1.745916000000000074e-09 7.970299999999951979e+01
-1.769139999999999952e-09 8.111099999999987631e+01
-1.803216999999999978e-09 8.250299999999970169e+01
-1.925024999999999978e-09 8.389499999999952706e+01
-1.898771999999999862e-09 8.528399999999965075e+01
-1.694210999999999993e-09 8.668699999999989814e+01
-1.827085999999999909e-09 8.809299999999984720e+01
-1.779311999999999945e-09 8.948599999999987631e+01
-1.775161000000000008e-09 9.087799999999970169e+01
-1.900619000000000093e-09 9.226500000000032742e+01
-1.756079999999999999e-09 9.365700000000015280e+01
-1.826127999999999962e-09 9.505999999999949068e+01
-1.901836000000000090e-09 9.646000000000003638e+01
-1.856266999999999914e-09 9.783699999999953434e+01
-1.836476999999999923e-09 9.923300000000017462e+01
-1.897418000000000034e-09 1.006239999999997963e+02
-1.815488999999999995e-09 1.020219999999999345e+02
-2.089137999999999864e-09 1.034110000000000582e+02
-1.785409000000000033e-09 1.047870000000002619e+02
-1.708339999999999914e-09 1.061859999999996944e+02
-1.812488999999999902e-09 1.075720000000001164e+02
-1.891590000000000082e-09 1.089729999999999563e+02
-1.843010000000000029e-09 1.103670000000001892e+02
-1.743914000000000064e-09 1.117690000000002328e+02
-1.778543000000000069e-09 1.131449999999995271e+02
-1.998317999999999964e-09 1.145360000000000582e+02
-1.805024000000000073e-09 1.159390000000003056e+02
-1.759944000000000059e-09 1.173379999999997381e+02
-1.844478999999999913e-09 1.187330000000001746e+02
-1.797605000000000019e-09 1.201210000000000946e+02
-1.905710000000000029e-09 1.215129999999999200e+02
-1.863407000000000160e-09 1.229009999999998399e+02
-1.979168000000000087e-09 1.242989999999999782e+02
-1.810778000000000010e-09 1.256959999999999127e+02
-1.732667000000000051e-09 1.270829999999996289e+02
-1.884763000000000143e-09 1.284799999999995634e+02
-1.771922000000000036e-09 1.298750000000000000e+02
-1.958376999999999885e-09 1.312699999999995271e+02
-1.991987000000000144e-09 1.326649999999999636e+02
-1.826860000000000038e-09 1.340640000000003056e+02
-1.991483999999999862e-09 1.354639999999999418e+02
-1.741005000000000028e-09 1.368540000000002692e+02
-1.717693999999999921e-09 1.382619999999997162e+02
-1.813589999999999938e-09 1.396570000000001528e+02
-1.892784000000000192e-09 1.410469999999995707e+02
-1.782340000000000072e-09 1.424489999999996144e+02
-1.691630999999999987e-09 1.438329999999996289e+02
-1.913923000000000071e-09 1.452209999999995489e+02
-1.778720999999999942e-09 1.466089999999994689e+02
-1.950671000000000160e-09 1.479979999999995925e+02
-1.795179000000000093e-09 1.493869999999997162e+02
-1.913522999999999948e-09 1.507879999999995562e+02
-1.815576999999999923e-09 1.521679999999996653e+02
-1.824014000000000025e-09 1.535609999999996944e+02
-1.840487999999999900e-09 1.549459999999999127e+02
-1.782259000000000101e-09 1.563339999999998327e+02
-1.797094999999999986e-09 1.577229999999999563e+02
-1.899744999999999833e-09 1.591109999999998763e+02
-1.798008999999999969e-09 1.605029999999997017e+02
-2.092034999999999797e-09 1.618940000000002328e+02
-1.873163999999999799e-09 1.632799999999997453e+02
-1.753999000000000035e-09 1.646819999999997890e+02
-2.345576000000000049e-09 1.660869999999995343e+02
-1.750662999999999955e-09 1.674719999999997526e+02
-1.988660000000000038e-09 1.688639999999995780e+02
-1.974444999999999999e-09 1.702550000000001091e+02
-1.799764000000000031e-09 1.716409999999996217e+02
-1.778015999999999994e-09 1.730280000000002474e+02
-1.913043999999999872e-09 1.744210000000002765e+02
-1.758341000000000060e-09 1.758090000000001965e+02
-1.851984000000000085e-09 1.772150000000001455e+02
-1.784194000000000053e-09 1.786159999999999854e+02
-1.733633000000000066e-09 1.800180000000000291e+02
-1.869135999999999986e-09 1.814089999999996508e+02
-1.873209999999999986e-09 1.828029999999998836e+02
-1.971535000000000058e-09 1.841939999999995052e+02
-1.822701999999999937e-09 1.855739999999996144e+02
-1.742824000000000019e-09 1.869709999999995489e+02
-1.851721000000000000e-09 1.883540000000002692e+02
-1.721991999999999982e-09 1.897409999999999854e+02
-1.988484000000000182e-09 1.911239999999997963e+02
-1.729295999999999981e-09 1.925199999999995271e+02
-1.760659000000000093e-09 1.939279999999998836e+02
-2.070323999999999974e-09 1.953149999999995998e+02
-1.731282999999999966e-09 1.967139999999999418e+02
-1.705817999999999992e-09 1.980979999999999563e+02
-2.053818999999999936e-09 1.994880000000002838e+02
-1.824299999999999997e-09 2.008720000000002983e+02
-1.703037999999999925e-09 2.022569999999996071e+02
-1.765844000000000008e-09 2.036549999999997453e+02
-1.728216999999999927e-09 2.050450000000000728e+02
-1.835071000000000063e-09 2.064290000000000873e+02
-1.854466999999999982e-09 2.078239999999996144e+02
-1.902818999999999941e-09 2.092139999999999418e+02
-1.754088000000000075e-09 2.106019999999998618e+02
-1.900702999999999987e-09 2.120010000000002037e+02
-2.046367000000000116e-09 2.133909999999996217e+02
-1.823440999999999969e-09 2.147780000000002474e+02
-1.852277999999999919e-09 2.161620000000002619e+02
-2.010084000000000190e-09 2.201469999999999345e+02
-2.015930999999999994e-09 2.215550000000002910e+02
-1.932056000000000013e-09 2.229510000000000218e+02
-1.970480999999999908e-09 2.243329999999996289e+02
-1.983985999999999853e-09 2.257219999999997526e+02
-2.009977999999999901e-09 2.271139999999995780e+02
-1.790046000000000004e-09 2.285150000000003274e+02
-1.927594999999999897e-09 2.299049999999997453e+02
-1.866498999999999802e-09 2.313059999999995853e+02
-1.886278999999999913e-09 2.326869999999998981e+02
-1.853258000000000054e-09 2.340820000000003347e+02
-1.952590000000000182e-09 2.354819999999999709e+02
-1.953053000000000121e-09 2.368739999999997963e+02
-1.792274000000000091e-09 2.382699999999995271e+02
-2.044225000000000145e-09 2.396589999999996508e+02
-1.853341000000000042e-09 2.410450000000000728e+02
-1.902777000000000201e-09 2.424399999999995998e+02
-1.906598000000000202e-09 2.438360000000002401e+02
-1.914403000000000053e-09 2.452290000000002692e+02
-1.853310999999999991e-09 2.466279999999997017e+02
-1.927393000000000026e-09 2.480270000000000437e+02
-1.822042000000000066e-09 2.494269999999996799e+02
-2.070510000000000122e-09 2.508140000000003056e+02
-2.027817000000000009e-09 2.522110000000002401e+02
-1.865407999999999851e-09 2.535969999999997526e+02
-1.881414000000000055e-09 2.549909999999999854e+02
-1.790061999999999934e-09 2.563940000000002328e+02
-1.782667999999999990e-09 2.577849999999998545e+02
-1.900040999999999891e-09 2.591719999999995707e+02
-1.785821999999999957e-09 2.605670000000000073e+02
-1.908283999999999983e-09 2.619489999999996144e+02
-1.968201000000000202e-09 2.633350000000000364e+02
-1.811401000000000081e-09 2.647280000000000655e+02
-1.862154999999999966e-09 2.661089999999994689e+02
-1.901588000000000031e-09 2.675010000000002037e+02
-1.826877999999999986e-09 2.688869999999997162e+02
-1.736115999999999963e-09 2.702749999999996362e+02
-1.781202000000000029e-09 2.716559999999999491e+02
-1.799476999999999948e-09 2.730559999999995853e+02
-2.984781000000000014e-09 2.744510000000000218e+02
-2.059096999999999926e-09 2.758320000000003347e+02
-1.926175000000000124e-09 2.772319999999999709e+02
-1.930960000000000123e-09 2.786220000000002983e+02
-1.760247000000000074e-09 2.800219999999999345e+02
-2.121890999999999906e-09 2.814059999999999491e+02
-1.747035999999999963e-09 2.827969999999995707e+02
-1.800603000000000094e-09 2.841959999999999127e+02
-1.789496000000000042e-09 2.855889999999999418e+02
-1.820823000000000051e-09 2.869909999999999854e+02
-2.104896000000000007e-09 2.883829999999998108e+02
-1.776759000000000068e-09 2.897749999999996362e+02
-1.802276000000000074e-09 2.911669999999994616e+02
-1.739967000000000016e-09 2.925489999999999782e+02
-1.816904000000000036e-09 2.939439999999995052e+02
-1.856087000000000024e-09 2.953459999999995489e+02
-1.906975999999999930e-09 2.967339999999994689e+02
-1.994044999999999808e-09 2.981400000000003274e+02
-2.147900999999999902e-09 2.995299999999997453e+02
-1.775797999999999992e-09 3.009239999999999782e+02
-1.756566000000000032e-09 3.023159999999998035e+02
-1.968129999999999903e-09 3.037219999999997526e+02
-1.865950000000000158e-09 3.051220000000002983e+02
-1.905112000000000069e-09 3.065249999999996362e+02
-1.825372000000000094e-09 3.079269999999996799e+02
-1.855982000000000054e-09 3.093130000000001019e+02
-1.886866999999999994e-09 3.107029999999995198e+02
-1.785330000000000079e-09 3.121049999999995634e+02
-1.799712999999999904e-09 3.134799999999995634e+02
-1.727330000000000073e-09 3.148779999999997017e+02
-1.741170000000000099e-09 3.162560000000003129e+02
-1.724236999999999905e-09 3.176509999999998399e+02
-1.820435000000000032e-09 3.190450000000000728e+02
-1.937659000000000205e-09 3.204459999999999127e+02
-1.981791999999999850e-09 3.218379999999997381e+02
-1.821863999999999986e-09 3.232359999999998763e+02
-1.957145000000000069e-09 3.246229999999995925e+02
-1.815606000000000068e-09 3.260060000000003129e+02
-1.966032999999999801e-09 3.273949999999995271e+02
-1.830888999999999963e-09 3.287860000000000582e+02
-1.977213000000000170e-09 3.301610000000000582e+02
-1.959810000000000080e-09 3.315619999999998981e+02
-2.233843999999999839e-09 3.329650000000001455e+02
-1.791675999999999925e-09 3.343670000000001892e+02
-1.812666000000000076e-09 3.357519999999994980e+02
-1.815222000000000083e-09 3.371440000000002328e+02
-2.069949999999999867e-09 3.385460000000002765e+02
-1.947807999999999898e-09 3.399430000000002110e+02
-1.865411999999999886e-09 3.413310000000001310e+02
-1.824097999999999919e-09 3.427240000000001601e+02
-1.859103999999999953e-09 3.441260000000002037e+02
-1.896576999999999953e-09 3.455239999999994325e+02
-1.756708000000000010e-09 3.469070000000001528e+02
-1.796811999999999937e-09 3.482989999999999782e+02
-2.016483000000000180e-09 3.496899999999995998e+02
-1.830748000000000097e-09 3.510720000000001164e+02
-2.044527999999999953e-09 3.524600000000000364e+02
-1.839586999999999926e-09 3.538519999999998618e+02
-2.004616999999999924e-09 3.552339999999994689e+02
-1.739190999999999976e-09 3.566220000000002983e+02
-1.808771999999999966e-09 3.580140000000001237e+02
-1.823408999999999902e-09 3.594189999999998690e+02
-1.800512000000000038e-09 3.608170000000000073e+02
-1.934769000000000022e-09 3.621999999999998181e+02
-2.057251999999999918e-09 3.635889999999999418e+02
-2.028971000000000189e-09 3.649889999999995780e+02
-1.774131000000000064e-09 3.663779999999997017e+02
-1.898425999999999995e-09 3.677730000000001382e+02
-1.932963000000000039e-09 3.691750000000001819e+02
-1.991812000000000194e-09 3.705860000000002401e+02
-1.945460999999999927e-09 3.719709999999995489e+02
-2.146094000000000013e-09 3.733549999999995634e+02
-1.823240999999999908e-09 3.747560000000003129e+02
-1.754162000000000089e-09 3.761570000000001528e+02
-1.828014000000000011e-09 3.775389999999997599e+02
-1.693800999999999991e-09 3.789340000000001965e+02
-2.137463999999999806e-09 3.803299999999999272e+02
-1.773571999999999922e-09 3.817179999999998472e+02
-2.272873999999999859e-09 3.831089999999994689e+02
-1.891324999999999980e-09 3.844949999999998909e+02
-1.810636000000000033e-09 3.858919999999998254e+02
-1.820260999999999987e-09 3.872820000000001528e+02
-1.834572000000000021e-09 3.886750000000001819e+02
-2.146412999999999958e-09 3.900730000000003201e+02
-2.084398000000000147e-09 3.914690000000000509e+02
-1.893501000000000036e-09 3.928720000000002983e+02
-1.848848999999999971e-09 3.942770000000000437e+02
-1.783817000000000024e-09 3.956719999999995707e+02
-1.851712000000000026e-09 3.970720000000001164e+02
-1.803716999999999925e-09 3.984639999999999418e+02
-1.770969000000000029e-09 3.998469999999997526e+02
-1.902623999999999819e-09 4.012409999999999854e+02
-1.997487000000000177e-09 4.026319999999996071e+02
-1.871656000000000097e-09 4.040339999999996508e+02
-1.861432999999999976e-09 4.054120000000002619e+02
-1.833028000000000011e-09 4.068009999999994761e+02
-1.933902999999999831e-09 4.081859999999996944e+02
-1.993126999999999997e-09 4.095789999999997235e+02
-2.112289999999999951e-09 4.109690000000000509e+02
-1.785263999999999926e-09 4.123559999999997672e+02
-2.092642000000000144e-09 4.137460000000000946e+02
-1.720886000000000007e-09 4.151430000000000291e+02
-1.989157999999999967e-09 4.165450000000000728e+02
-1.793845000000000023e-09 4.179380000000001019e+02
-2.058970999999999879e-09 4.193249999999998181e+02
