-6.633102999999999485e-10 0.000000000000000000e+00
-6.320981999999999628e-10 1.000000000000000000e+00
-6.391283999999999495e-10 3.000000000000000000e+00
-6.547746999999999516e-10 4.000000000000000000e+00
-6.518985000000000314e-10 5.000000000000000000e+00
-6.836440999999999926e-10 7.000000000000000000e+00
-5.868489999999999863e-10 8.000000000000000000e+00
-6.214876999999999817e-10 1.000000000000000000e+01
-6.266728000000000324e-10 1.100000000000000000e+01
-6.234480000000000375e-10 1.200000000000000000e+01
-6.100768000000000413e-10 1.400000000000000000e+01
-6.573835999999999673e-10 1.500000000000000000e+01
-6.286604000000000018e-10 1.700000000000000000e+01
-6.359256000000000400e-10 1.800000000000000000e+01
-6.159461999999999549e-10 1.900000000000000000e+01
-6.240574000000000126e-10 2.100000000000000000e+01
-6.299644000000000213e-10 2.200000000000000000e+01
-6.625351999999999891e-10 2.300000000000000000e+01
-6.334361000000000353e-10 2.500000000000000000e+01
-6.430732000000000205e-10 2.600000000000000000e+01
-6.460562999999999996e-10 2.700000000000000000e+01
-6.609155000000000428e-10 2.900000000000000000e+01
-6.366688999999999954e-10 3.000000000000000000e+01
-6.195875999999999874e-10 3.200000000000000000e+01
-6.179847000000000197e-10 3.300000000000000000e+01
-6.078478000000000483e-10 3.400000000000000000e+01
-6.455505999999999938e-10 3.600000000000000000e+01
-6.199397999999999689e-10 3.700000000000000000e+01
-6.111459999999999697e-10 3.800000000000000000e+01
-6.161482999999999618e-10 4.000000000000000000e+01
-6.463134999999999933e-10 4.100000000000000000e+01
-6.196189999999999672e-10 4.300000000000000000e+01
-6.569287000000000250e-10 4.400000000000000000e+01
-6.342622000000000186e-10 4.600000000000000000e+01
-6.181719999999999618e-10 4.700000000000000000e+01
-6.387693000000000433e-10 4.800000000000000000e+01
-6.619242999999999494e-10 5.000000000000000000e+01
-6.128504000000000326e-10 5.100000000000000000e+01
-5.886056999999999705e-10 5.200000000000000000e+01
-5.287321000000000420e-10 5.400000000000000000e+01
-6.345477000000000379e-10 5.500000000000000000e+01
-6.160019000000000294e-10 5.700000000000000000e+01
-6.314540999999999898e-10 5.800000000000000000e+01
-5.917535000000000287e-10 5.900000000000000000e+01
-6.712390000000000433e-10 6.100000000000000000e+01
-6.453422000000000465e-10 6.200000000000000000e+01
-5.917659999999999808e-10 6.300000000000000000e+01
-6.589744000000000069e-10 6.500000000000000000e+01
-6.608552999999999813e-10 6.600000000000000000e+01
-6.247642000000000168e-10 6.800000000000000000e+01
