-3.259208000000000146e-09 3.899999999994179234e-01
-3.827914000000000312e-09 1.790000000000873115e+00
-3.521372999999999933e-09 3.189999999998690328e+00
-4.046275000000000278e-09 4.590000000000145519e+00
-3.655841999999999875e-09 5.979999999999563443e+00
-3.428001999999999967e-09 7.369999999998981366e+00
-3.393202999999999951e-09 8.770000000000436557e+00
-3.549471999999999962e-09 1.015999999999985448e+01
-3.464609000000000190e-09 1.154999999999927240e+01
-3.560133999999999816e-09 1.293999999999869033e+01
-3.516518999999999859e-09 1.434000000000014552e+01
-3.322247999999999962e-09 1.572999999999956344e+01
-3.503401999999999934e-09 1.711999999999898137e+01
-3.844986999999999846e-09 1.850999999999839929e+01
-3.367760999999999864e-09 1.990999999999985448e+01
-3.521551999999999918e-09 2.129999999999927240e+01
-3.499459999999999825e-09 2.268999999999869033e+01
-3.674667999999999868e-09 2.407999999999810825e+01
-3.305703999999999900e-09 2.546999999999752617e+01
-5.244215000000000383e-09 2.686999999999898137e+01
-3.477875999999999954e-09 2.825000000000000000e+01
-3.203940000000000002e-09 2.963999999999941792e+01
-3.592083999999999897e-09 3.102000000000043656e+01
-3.316905999999999837e-09 3.241999999999825377e+01
-3.911316000000000062e-09 3.380999999999767169e+01
-3.553232999999999862e-09 3.520999999999912689e+01
-3.403761000000000154e-09 3.659000000000014552e+01
-3.718808000000000089e-09 3.797999999999956344e+01
-3.279535000000000091e-09 3.936999999999898137e+01
-3.276199999999999915e-09 4.075000000000000000e+01
-3.416589000000000184e-09 4.213999999999941792e+01
-3.470416000000000065e-09 4.352999999999883585e+01
-3.797658999999999986e-09 4.491999999999825377e+01
-3.524696999999999910e-09 4.630999999999767169e+01
-3.222800000000000079e-09 4.768999999999869033e+01
-3.654340000000000018e-09 4.907999999999810825e+01
-3.256570000000000057e-09 5.045999999999912689e+01
-3.089388999999999908e-09 5.186000000000058208e+01
-3.403709000000000121e-09 5.325999999999839929e+01
-3.717857000000000100e-09 5.463999999999941792e+01
-3.537355999999999835e-09 5.602999999999883585e+01
-3.457793999999999940e-09 5.741999999999825377e+01
-3.371301999999999945e-09 5.880999999999767169e+01
-3.267626000000000189e-09 6.020000000000072760e+01
-3.576803000000000020e-09 6.159999999999854481e+01
-3.447660999999999971e-09 6.298999999999796273e+01
-3.193065999999999983e-09 6.436999999999898137e+01
-3.642895999999999866e-09 6.575000000000000000e+01
-3.348785000000000032e-09 6.713999999999941792e+01
-3.467977000000000131e-09 6.852999999999883585e+01
-3.517859000000000187e-09 6.991999999999825377e+01
-3.438722000000000112e-09 7.130999999999767169e+01
-3.569117999999999958e-09 7.270999999999912689e+01
-3.082797999999999925e-09 7.409999999999854481e+01
-3.783876999999999836e-09 7.548999999999796273e+01
-3.166911000000000087e-09 7.688000000000101863e+01
-4.289988000000000179e-09 7.827999999999883585e+01
-3.452618000000000205e-09 7.966999999999825377e+01
-3.854820000000000136e-09 8.105999999999767169e+01
-3.726440000000000214e-09 8.245000000000072760e+01
-3.760654999999999769e-09 8.384000000000014552e+01
-3.568481999999999879e-09 8.523999999999796273e+01
-3.321100000000000040e-09 8.663000000000101863e+01
-3.673297999999999902e-09 8.802000000000043656e+01
-3.397018000000000108e-09 8.940999999999985448e+01
-3.454335999999999847e-09 9.079999999999927240e+01
-3.670156000000000039e-09 9.218000000000029104e+01
-3.469344999999999873e-09 9.356999999999970896e+01
-3.364955999999999893e-09 9.495999999999912689e+01
-3.671312000000000029e-09 9.636000000000058208e+01
-3.413541999999999998e-09 9.775000000000000000e+01
-3.532028999999999943e-09 9.914999999999781721e+01
-3.664909000000000005e-09 1.005400000000008731e+02
-3.633882000000000087e-09 1.019300000000002910e+02
-3.248467999999999830e-09 1.033299999999981083e+02
-3.314318999999999875e-09 1.047199999999975262e+02
-3.518768999999999928e-09 1.061199999999989814e+02
-3.606360999999999847e-09 1.075000000000000000e+02
-3.685999999999999886e-09 1.088999999999978172e+02
-3.628011000000000077e-09 1.102900000000008731e+02
-3.707323000000000103e-09 1.116800000000002910e+02
-3.471415000000000053e-09 1.130799999999981083e+02
-3.469288999999999806e-09 1.144799999999995634e+02
-3.330930000000000201e-09 1.158600000000005821e+02
-3.522241999999999840e-09 1.172599999999983993e+02
-3.180391999999999826e-09 1.186599999999998545e+02
-3.752656000000000116e-09 1.200499999999992724e+02
-3.393790000000000127e-09 1.214300000000002910e+02
-3.582443999999999918e-09 1.228199999999997090e+02
-3.794585000000000292e-09 1.242299999999995634e+02
-3.688707999999999956e-09 1.256100000000005821e+02
-3.664084999999999967e-09 1.270000000000000000e+02
-3.296422999999999795e-09 1.283800000000010186e+02
-3.739101999999999854e-09 1.297599999999983993e+02
-3.250429000000000005e-09 1.311599999999998545e+02
-3.414423999999999913e-09 1.325499999999992724e+02
-3.490333999999999912e-09 1.339599999999991269e+02
-3.407217000000000023e-09 1.353600000000005821e+02
-3.795270999999999766e-09 1.367599999999983993e+02
-3.260491999999999994e-09 1.381599999999998545e+02
-3.329901000000000163e-09 1.395499999999992724e+02
-3.359268999999999807e-09 1.409300000000002910e+02
-3.493791000000000100e-09 1.423199999999997090e+02
-3.455088000000000094e-09 1.437099999999991269e+02
-3.276296999999999817e-09 1.451199999999989814e+02
-3.502276999999999899e-09 1.465099999999983993e+02
-3.449415999999999827e-09 1.478999999999978172e+02
-3.644121999999999837e-09 1.492999999999992724e+02
-3.887098000000000136e-09 1.507000000000007276e+02
-3.247973000000000029e-09 1.520799999999981083e+02
-3.315114000000000180e-09 1.534699999999975262e+02
-3.457098000000000173e-09 1.548800000000010186e+02
-3.211170000000000193e-09 1.562599999999983993e+02
-3.622450999999999943e-09 1.576599999999998545e+02
-3.222501999999999798e-09 1.590400000000008731e+02
-3.527953000000000132e-09 1.604500000000007276e+02
-3.488063000000000179e-09 1.618400000000001455e+02
-3.400182999999999858e-09 1.632299999999995634e+02
-3.643783000000000134e-09 1.646199999999989814e+02
-3.217645000000000008e-09 1.660099999999983993e+02
-3.495519000000000035e-09 1.674099999999998545e+02
-3.484060000000000064e-09 1.688199999999997090e+02
-3.544184000000000094e-09 1.702199999999975262e+02
-3.803750000000000229e-09 1.716199999999989814e+02
-3.309144999999999950e-09 1.730200000000004366e+02
-3.506169000000000199e-09 1.744199999999982538e+02
-3.934930000000000183e-09 1.758099999999976717e+02
-3.334374999999999872e-09 1.772000000000007276e+02
-3.248988000000000155e-09 1.785900000000001455e+02
-3.520513999999999905e-09 1.799899999999979627e+02
-3.700747999999999844e-09 1.813899999999994179e+02
-3.276329999999999997e-09 1.827799999999988358e+02
-3.410855000000000005e-09 1.841599999999998545e+02
-3.807443999999999865e-09 1.855499999999992724e+02
-3.003454999999999944e-09 1.869399999999986903e+02
-3.474173999999999836e-09 1.883299999999981083e+02
-3.616492999999999911e-09 1.897099999999991269e+02
-3.496146000000000140e-09 1.910999999999985448e+02
-3.551451999999999990e-09 1.924899999999979627e+02
-3.591533999999999935e-09 1.938800000000010186e+02
-3.408509999999999844e-09 1.952700000000004366e+02
-3.619213999999999988e-09 1.966699999999982538e+02
-3.608457999999999948e-09 1.980499999999992724e+02
-3.389830000000000070e-09 1.994500000000007276e+02
-3.166890999999999916e-09 2.008499999999985448e+02
-3.451982000000000126e-09 2.022500000000000000e+02
-3.271104999999999945e-09 2.036499999999978172e+02
-3.204507000000000006e-09 2.050400000000008731e+02
-3.482220999999999901e-09 2.064300000000002910e+02
-3.191212999999999907e-09 2.078199999999997090e+02
-3.360574000000000145e-09 2.092099999999991269e+02
-3.410535000000000155e-09 2.106100000000005821e+02
-3.293149999999999945e-09 2.119899999999979627e+02
-3.285590000000000025e-09 2.133899999999994179e+02
-3.370779999999999810e-09 2.147799999999988358e+02
-3.143441999999999866e-09 2.161800000000002910e+02
-3.524269999999999866e-09 2.175900000000001455e+02
-3.424987999999999960e-09 2.189799999999995634e+02
-4.214334999999999799e-09 2.203699999999989814e+02
-3.526340000000000046e-09 2.217599999999983993e+02
-3.475202999999999874e-09 2.231399999999994179e+02
-3.437750999999999950e-09 2.245299999999988358e+02
-3.639540000000000028e-09 2.259199999999982538e+02
-3.118663000000000194e-09 2.272999999999992724e+02
-3.606535999999999797e-09 2.287000000000007276e+02
-3.485330999999999904e-09 2.300900000000001455e+02
-3.480361000000000075e-09 2.314799999999995634e+02
-3.310805000000000128e-09 2.328800000000010186e+02
-3.572746000000000062e-09 2.342599999999983993e+02
-3.498410000000000123e-09 2.356499999999978172e+02
-3.516402000000000199e-09 2.370400000000008731e+02
-3.547800999999999999e-09 2.384199999999982538e+02
-3.791744999999999917e-09 2.397999999999992724e+02
-3.338101000000000196e-09 2.411899999999986903e+02
-3.286635000000000200e-09 2.425799999999981083e+02
-3.284748000000000039e-09 2.439799999999995634e+02
-3.453146000000000185e-09 2.453699999999989814e+02
-3.097723000000000057e-09 2.467599999999983993e+02
-3.677042000000000174e-09 2.481499999999978172e+02
-3.368888000000000123e-09 2.495599999999976717e+02
-3.568206999999999898e-09 2.509599999999991269e+02
-3.304451000000000007e-09 2.523600000000005821e+02
-3.180329999999999915e-09 2.537500000000000000e+02
-3.352183000000000024e-09 2.551599999999998545e+02
-3.554531000000000037e-09 2.565400000000008731e+02
-3.418937999999999966e-09 2.579300000000002910e+02
-3.325331000000000043e-09 2.593099999999976717e+02
-3.041984999999999810e-09 2.607000000000007276e+02
-3.515470999999999967e-09 2.620900000000001455e+02
-4.102366000000000142e-09 2.634899999999979627e+02
-3.244127999999999822e-09 2.648899999999994179e+02
-3.554178999999999913e-09 2.663899999999994179e+02
-3.361770000000000066e-09 2.677900000000008731e+02
-3.259648000000000198e-09 2.691899999999986903e+02
-3.496201999999999793e-09 2.705900000000001455e+02
-3.757078999999999698e-09 2.720000000000000000e+02
-3.653010999999999887e-09 2.733999999999978172e+02
-3.616390000000000165e-09 2.747999999999992724e+02
-4.073817999999999673e-09 2.762000000000007276e+02
-3.445667000000000029e-09 2.775900000000001455e+02
-3.552722999999999830e-09 2.789799999999995634e+02
-3.941804000000000216e-09 2.803699999999989814e+02
-3.626911000000000153e-09 2.817700000000004366e+02
-4.011620000000000257e-09 2.831599999999998545e+02
-3.494598000000000095e-09 2.845599999999976717e+02
-3.728353999999999883e-09 2.859399999999986903e+02
-3.330213999999999849e-09 2.873400000000001455e+02
-3.203028999999999941e-09 2.887399999999979627e+02
-3.842853999999999849e-09 2.901199999999989814e+02
-3.408594000000000151e-09 2.915099999999983993e+02
-3.394410999999999974e-09 2.929099999999998545e+02
-3.442083999999999795e-09 2.943099999999976717e+02
-3.968674999999999636e-09 2.957000000000007276e+02
-3.442599000000000180e-09 2.970900000000001455e+02
-3.638449999999999983e-09 2.984899999999979627e+02
-3.191808000000000151e-09 2.998899999999994179e+02
-3.675076000000000059e-09 3.012999999999992724e+02
-3.505110000000000110e-09 3.027000000000007276e+02
-3.406789999999999978e-09 3.040900000000001455e+02
-3.522942000000000055e-09 3.054899999999979627e+02
-3.666759999999999857e-09 3.068899999999994179e+02
-3.192066000000000090e-09 3.082799999999988358e+02
-3.635828000000000031e-09 3.096800000000002910e+02
-3.241204999999999872e-09 3.110599999999976717e+02
-3.230960000000000183e-09 3.124500000000007276e+02
-3.543037000000000077e-09 3.138400000000001455e+02
-3.758651999999999854e-09 3.152199999999975262e+02
-3.475061000000000104e-09 3.166199999999989814e+02
-3.566962999999999979e-09 3.180000000000000000e+02
-3.764754000000000294e-09 3.193999999999978172e+02
-3.222534000000000072e-09 3.207900000000008731e+02
-3.500836999999999954e-09 3.221899999999986903e+02
-3.504852000000000172e-09 3.235900000000001455e+02
-3.724107000000000156e-09 3.249699999999975262e+02
-3.301403999999999821e-09 3.263600000000005821e+02
-3.833327000000000322e-09 3.277599999999983993e+02
-3.532712000000000115e-09 3.291599999999998545e+02
-3.717185000000000125e-09 3.305599999999976717e+02
-3.462015000000000064e-09 3.319500000000007276e+02
-3.818876999999999819e-09 3.333400000000001455e+02
-3.325327000000000009e-09 3.347299999999995634e+02
-3.558078999999999868e-09 3.361199999999989814e+02
-3.846568000000000070e-09 3.375000000000000000e+02
-3.763005999999999775e-09 3.388899999999994179e+02
-3.385957000000000036e-09 3.402700000000004366e+02
-3.306788000000000100e-09 3.416599999999998545e+02
-3.736708999999999695e-09 3.430499999999992724e+02
-3.739775000000000147e-09 3.444399999999986903e+02
-3.433657000000000192e-09 3.458299999999981083e+02
-3.593163000000000158e-09 3.472199999999975262e+02
-3.346611000000000201e-09 3.486100000000005821e+02
-3.626986999999999978e-09 3.500099999999983993e+02
-4.095402999999999863e-09 3.513999999999978172e+02
-3.720959999999999939e-09 3.527999999999992724e+02
-3.508534000000000118e-09 3.541899999999986903e+02
-3.396782000000000151e-09 3.555999999999985448e+02
-3.801864999999999878e-09 3.570000000000000000e+02
-3.931157000000000180e-09 3.583999999999978172e+02
-3.422483000000000081e-09 3.597999999999992724e+02
-3.328652999999999796e-09 3.611899999999986903e+02
-3.205500000000000149e-09 3.625799999999981083e+02
-3.854932999999999761e-09 3.639799999999995634e+02
-3.390044999999999950e-09 3.653699999999989814e+02
-3.789156999999999636e-09 3.667399999999979627e+02
-3.479005000000000023e-09 3.681499999999978172e+02
-3.690267000000000198e-09 3.695499999999992724e+02
-3.380836999999999954e-09 3.709500000000007276e+02
-3.783518000000000376e-09 3.723400000000001455e+02
-3.547765000000000104e-09 3.737299999999995634e+02
-3.677754000000000078e-09 3.751199999999989814e+02
-4.070680000000000257e-09 3.765099999999983993e+02
-3.598984999999999851e-09 3.779099999999998545e+02
-3.848273000000000117e-09 3.793099999999976717e+02
-3.342450000000000178e-09 3.807000000000007276e+02
-3.638575000000000125e-09 3.820999999999985448e+02
-3.192442000000000007e-09 3.834899999999979627e+02
-3.556821999999999942e-09 3.848999999999978172e+02
-3.315094000000000009e-09 3.862799999999988358e+02
-3.670497999999999871e-09 3.876800000000002910e+02
-3.704503999999999805e-09 3.890699999999997090e+02
-3.610642000000000072e-09 3.904500000000007276e+02
-3.507226999999999970e-09 3.918400000000001455e+02
-3.542553999999999966e-09 3.932199999999975262e+02
-3.474786000000000123e-09 3.946100000000005821e+02
-3.230823999999999844e-09 3.960000000000000000e+02
-4.118314000000000054e-09 3.973899999999994179e+02
-3.306064000000000093e-09 3.987799999999988358e+02
-3.399702999999999877e-09 4.001800000000002910e+02
-3.465509999999999958e-09 4.015599999999976717e+02
-3.668228000000000043e-09 4.029500000000007276e+02
-3.390750000000000104e-09 4.043400000000001455e+02
-3.418367999999999832e-09 4.057299999999995634e+02
-3.312158999999999956e-09 4.071300000000010186e+02
-3.288657999999999874e-09 4.085099999999983993e+02
-3.670654999999999873e-09 4.099099999999998545e+02
-3.622737000000000122e-09 4.112799999999988358e+02
-3.530478000000000182e-09 4.126800000000002910e+02
-3.178755999999999854e-09 4.140699999999997090e+02
-3.638027999999999878e-09 4.154599999999991269e+02
-3.362111999999999898e-09 4.168600000000005821e+02
