-7.807773000000000351e-10 0.000000000000000000e+00
-8.070776999999999581e-10 2.000000000000000000e+00
-7.426092000000000375e-10 3.000000000000000000e+00
-7.178586000000000092e-10 4.000000000000000000e+00
-6.951176000000000357e-10 5.000000000000000000e+00
-6.862352000000000210e-10 7.000000000000000000e+00
-7.428804999999999763e-10 8.000000000000000000e+00
-7.831238999999999823e-10 1.000000000000000000e+01
-8.254864000000000002e-10 1.100000000000000000e+01
-6.928399000000000282e-10 1.300000000000000000e+01
-7.505437000000000166e-10 1.400000000000000000e+01
-7.522869999999999686e-10 1.500000000000000000e+01
-7.259253000000000471e-10 1.700000000000000000e+01
-6.786626000000000134e-10 1.800000000000000000e+01
-7.421755000000000289e-10 2.000000000000000000e+01
-7.054966999999999756e-10 2.100000000000000000e+01
-6.834937000000000259e-10 2.200000000000000000e+01
-7.098758000000000396e-10 2.300000000000000000e+01
-7.201911000000000112e-10 2.500000000000000000e+01
-7.006098999999999920e-10 2.600000000000000000e+01
