-1.047529000000000095e-09 0.000000000000000000e+00
-1.078034000000000085e-09 2.000000000000000000e+00
-1.075635000000000081e-09 3.000000000000000000e+00
-1.101626999999999922e-09 4.000000000000000000e+00
-1.097634000000000100e-09 5.000000000000000000e+00
-1.117403999999999919e-09 7.000000000000000000e+00
-1.085437000000000002e-09 8.000000000000000000e+00
-1.131084999999999925e-09 1.000000000000000000e+01
-1.081177999999999965e-09 1.100000000000000000e+01
-1.115944999999999914e-09 1.300000000000000000e+01
-1.087938000000000054e-09 1.400000000000000000e+01
-1.139411000000000006e-09 1.500000000000000000e+01
-1.071433999999999921e-09 1.700000000000000000e+01
-1.215318999999999988e-09 1.800000000000000000e+01
-1.187559000000000076e-09 2.000000000000000000e+01
-1.107623999999999979e-09 2.100000000000000000e+01
-1.115111999999999902e-09 2.200000000000000000e+01
-1.115444999999999967e-09 2.300000000000000000e+01
-1.143177000000000053e-09 2.500000000000000000e+01
-1.118546999999999901e-09 2.600000000000000000e+01
-1.043818999999999909e-09 2.800000000000000000e+01
-1.188037000000000041e-09 2.900000000000000000e+01
-1.088957000000000006e-09 3.000000000000000000e+01
-1.944228000000000206e-09 3.200000000000000000e+01
-1.236474999999999910e-09 3.300000000000000000e+01
-1.170120999999999996e-09 3.400000000000000000e+01
-1.078652999999999915e-09 3.600000000000000000e+01
-1.170193999999999899e-09 3.700000000000000000e+01
-1.078289000000000101e-09 3.900000000000000000e+01
-1.117113000000000007e-09 4.000000000000000000e+01
