-1.699518999999999867e-08 1.000000000000000000e+00
-1.737526999999999846e-08 2.000000000000000000e+00
-1.673998999999999980e-08 3.000000000000000000e+00
-1.690275999999999882e-08 5.000000000000000000e+00
-1.635228999999999958e-08 6.000000000000000000e+00
-1.612786999999999882e-08 7.000000000000000000e+00
-1.673693000000000044e-08 9.000000000000000000e+00
-1.680379999999999857e-08 1.000000000000000000e+01
-1.665769999999999967e-08 1.100000000000000000e+01
-1.656943999999999898e-08 1.300000000000000000e+01
-1.679432000000000079e-08 1.400000000000000000e+01
-1.681407999999999991e-08 1.600000000000000000e+01
-1.665979000000000084e-08 1.700000000000000000e+01
-1.629462999999999918e-08 1.800000000000000000e+01
-1.689549000000000077e-08 2.000000000000000000e+01
-1.652525000000000102e-08 2.100000000000000000e+01
-1.682936000000000029e-08 2.300000000000000000e+01
-1.633086000000000082e-08 2.400000000000000000e+01
-1.657180000000000020e-08 2.500000000000000000e+01
-1.627033999999999864e-08 2.700000000000000000e+01
-1.672976000000000117e-08 2.800000000000000000e+01
-1.677507999999999870e-08 3.000000000000000000e+01
-1.620041000000000113e-08 3.100000000000000000e+01
-1.703632000000000058e-08 3.200000000000000000e+01
-1.639272000000000003e-08 3.400000000000000000e+01
-1.674244999999999981e-08 3.500000000000000000e+01
-1.619503000000000006e-08 3.600000000000000000e+01
-1.670734000000000116e-08 3.800000000000000000e+01
-1.674881999999999883e-08 3.900000000000000000e+01
-1.646817000000000022e-08 4.000000000000000000e+01
