-7.490047999999999776e-10 0.000000000000000000e+00
-7.286085999999999979e-10 2.000000000000000000e+00
-7.306338999999999909e-10 3.000000000000000000e+00
-7.176534999999999765e-10 5.000000000000000000e+00
-7.498519999999999662e-10 6.000000000000000000e+00
-7.371261000000000153e-10 7.000000000000000000e+00
-7.119400000000000251e-10 9.000000000000000000e+00
-7.133682000000000347e-10 1.000000000000000000e+01
-7.170589999999999947e-10 1.200000000000000000e+01
-7.177267999999999746e-10 1.300000000000000000e+01
-7.275017999999999744e-10 1.400000000000000000e+01
-7.157344999999999545e-10 1.600000000000000000e+01
-6.997668999999999982e-10 1.700000000000000000e+01
-7.124340999999999521e-10 1.800000000000000000e+01
-7.216183000000000123e-10 2.000000000000000000e+01
-7.558951000000000360e-10 2.100000000000000000e+01
-7.445107999999999929e-10 2.200000000000000000e+01
-7.194123000000000097e-10 2.400000000000000000e+01
-7.367908999999999729e-10 2.500000000000000000e+01
-7.544173999999999636e-10 2.600000000000000000e+01
-7.037788999999999839e-10 2.800000000000000000e+01
-7.119115000000000391e-10 2.900000000000000000e+01
-7.151006999999999561e-10 3.100000000000000000e+01
-7.317755000000000441e-10 3.200000000000000000e+01
-7.191662999999999674e-10 3.400000000000000000e+01
-7.229326000000000064e-10 3.500000000000000000e+01
-7.303980999999999947e-10 3.600000000000000000e+01
-7.530476999999999906e-10 3.800000000000000000e+01
-7.197268999999999995e-10 3.900000000000000000e+01
-7.071606999999999814e-10 4.100000000000000000e+01
