-1.163508000000000032e-09 1.177000000000000000e+03
-1.319186000000000039e-09 1.178000000000000000e+03
-1.151794999999999950e-09 1.180000000000000000e+03
-1.045122000000000023e-09 1.181000000000000000e+03
-1.240624999999999942e-09 1.183000000000000000e+03
-1.046585999999999967e-09 1.184000000000000000e+03
-1.278210999999999982e-09 1.185000000000000000e+03
-1.082497000000000010e-09 1.187000000000000000e+03
-1.033491999999999930e-09 1.188000000000000000e+03
-1.142610000000000049e-09 1.189000000000000000e+03
-1.262045000000000061e-09 1.191000000000000000e+03
-1.100489000000000086e-09 1.192000000000000000e+03
-1.087101000000000008e-09 1.194000000000000000e+03
-1.028498000000000102e-09 1.195000000000000000e+03
-1.158553000000000021e-09 1.196000000000000000e+03
-1.243005000000000093e-09 1.198000000000000000e+03
-9.816256999999999224e-10 1.199000000000000000e+03
-1.036461000000000067e-09 1.200000000000000000e+03
-1.180177000000000029e-09 1.202000000000000000e+03
-1.150139999999999918e-09 1.203000000000000000e+03
-1.079036999999999900e-09 1.205000000000000000e+03
-9.776321999999999402e-10 1.206000000000000000e+03
-1.062766999999999914e-09 1.207000000000000000e+03
-1.124748000000000054e-09 1.209000000000000000e+03
-1.217248000000000096e-09 1.210000000000000000e+03
-1.253504000000000100e-09 1.211000000000000000e+03
-1.004850000000000102e-09 1.213000000000000000e+03
-1.286175999999999964e-09 1.214000000000000000e+03
-1.033813000000000098e-09 1.216000000000000000e+03
-9.170285000000000247e-10 1.217000000000000000e+03
-1.150529000000000050e-09 1.219000000000000000e+03
-1.042005999999999969e-09 1.220000000000000000e+03
-1.019158000000000008e-09 1.221000000000000000e+03
-1.264793999999999965e-09 1.223000000000000000e+03
-1.145037000000000086e-09 1.224000000000000000e+03
-1.043569000000000039e-09 1.225000000000000000e+03
-1.335659000000000009e-09 1.227000000000000000e+03
-9.109953000000000088e-10 1.228000000000000000e+03
-1.214117000000000017e-09 1.230000000000000000e+03
-1.450948000000000023e-09 1.231000000000000000e+03
-1.212673999999999942e-09 1.232000000000000000e+03
-1.223094999999999900e-09 1.234000000000000000e+03
-1.036265000000000040e-09 1.235000000000000000e+03
-9.491945000000000975e-10 1.236000000000000000e+03
-1.317803000000000066e-09 1.238000000000000000e+03
-1.193997000000000090e-09 1.239000000000000000e+03
-1.213164999999999915e-09 1.241000000000000000e+03
-1.384239999999999968e-09 1.242000000000000000e+03
-1.177095000000000059e-09 1.243000000000000000e+03
-1.098193999999999941e-09 1.245000000000000000e+03
-1.646251000000000088e-09 1.246000000000000000e+03
-1.289817999999999981e-09 1.248000000000000000e+03
-1.172912999999999959e-09 1.249000000000000000e+03
-1.237536999999999921e-09 1.250000000000000000e+03
-1.103445000000000009e-09 1.252000000000000000e+03
-1.097491000000000010e-09 1.253000000000000000e+03
-1.016281000000000039e-09 1.254000000000000000e+03
-1.084867999999999981e-09 1.256000000000000000e+03
-9.920196999999999591e-10 1.257000000000000000e+03
-1.249900999999999901e-09 1.258000000000000000e+03
-1.131095999999999916e-09 1.260000000000000000e+03
-1.197457999999999899e-09 1.261000000000000000e+03
-1.109427000000000040e-09 1.263000000000000000e+03
-1.230341000000000022e-09 1.264000000000000000e+03
-1.107455000000000081e-09 1.265000000000000000e+03
-1.170917999999999906e-09 1.267000000000000000e+03
-1.132842999999999911e-09 1.268000000000000000e+03
-1.122676999999999969e-09 1.270000000000000000e+03
-1.294079000000000035e-09 1.271000000000000000e+03
-1.166917000000000014e-09 1.272000000000000000e+03
-9.723259000000000286e-10 1.274000000000000000e+03
-1.156553999999999933e-09 1.275000000000000000e+03
-1.187077000000000077e-09 1.276000000000000000e+03
-1.241673000000000040e-09 1.278000000000000000e+03
-1.091436999999999981e-09 1.279000000000000000e+03
-1.221408999999999913e-09 1.281000000000000000e+03
-1.195127000000000065e-09 1.282000000000000000e+03
-1.203229999999999990e-09 1.283000000000000000e+03
-1.010043000000000086e-09 1.285000000000000000e+03
-1.283285999999999988e-09 1.286000000000000000e+03
-9.323192999999999240e-10 1.287000000000000000e+03
-1.041999999999999917e-09 1.289000000000000000e+03
-1.070501999999999991e-09 1.290000000000000000e+03
-1.178426000000000000e-09 1.292000000000000000e+03
-1.286731999999999977e-09 1.293000000000000000e+03
-1.099185999999999972e-09 1.295000000000000000e+03
-1.207509999999999897e-09 1.296000000000000000e+03
-1.064837000000000094e-09 1.297000000000000000e+03
-1.126414999999999982e-09 1.299000000000000000e+03
-1.371622000000000084e-09 1.300000000000000000e+03
-1.293850000000000035e-09 1.301000000000000000e+03
-1.249705999999999986e-09 1.303000000000000000e+03
-1.244419000000000022e-09 1.304000000000000000e+03
-1.299444999999999952e-09 1.305000000000000000e+03
-1.031369000000000019e-09 1.307000000000000000e+03
-1.052544999999999905e-09 1.308000000000000000e+03
-1.322159000000000004e-09 1.310000000000000000e+03
-1.051802000000000045e-09 1.311000000000000000e+03
-1.190879000000000019e-09 1.312000000000000000e+03
-1.081415999999999939e-09 1.314000000000000000e+03
-1.083594999999999917e-09 1.315000000000000000e+03
-1.151255000000000074e-09 1.316000000000000000e+03
-1.306118000000000018e-09 1.318000000000000000e+03
-1.320966999999999911e-09 1.319000000000000000e+03
-1.099157000000000033e-09 1.321000000000000000e+03
-1.120164999999999926e-09 1.322000000000000000e+03
-1.009101999999999976e-09 1.324000000000000000e+03
-1.013031999999999982e-09 1.325000000000000000e+03
-9.535696999999999522e-10 1.326000000000000000e+03
-1.108866999999999992e-09 1.328000000000000000e+03
-1.127237999999999908e-09 1.329000000000000000e+03
-1.057228000000000064e-09 1.330000000000000000e+03
-9.934272000000000909e-10 1.332000000000000000e+03
-1.017738000000000027e-09 1.333000000000000000e+03
-1.014951999999999909e-09 1.335000000000000000e+03
-9.938703999999999225e-10 1.336000000000000000e+03
-1.400683999999999999e-09 1.337000000000000000e+03
-1.222932999999999958e-09 1.339000000000000000e+03
-1.123331999999999901e-09 1.340000000000000000e+03
-1.144032000000000046e-09 1.341000000000000000e+03
-1.042611999999999997e-09 1.343000000000000000e+03
-1.184803999999999913e-09 1.344000000000000000e+03
-1.133252000000000007e-09 1.346000000000000000e+03
-1.059906000000000083e-09 1.347000000000000000e+03
-1.116552999999999960e-09 1.348000000000000000e+03
-1.276483000000000047e-09 1.350000000000000000e+03
-1.071444000000000007e-09 1.351000000000000000e+03
-1.152272999999999915e-09 1.352000000000000000e+03
-1.218300000000000022e-09 1.354000000000000000e+03
-1.186469000000000031e-09 1.355000000000000000e+03
-1.196778999999999968e-09 1.357000000000000000e+03
-1.265340000000000099e-09 1.358000000000000000e+03
-1.021877999999999974e-09 1.359000000000000000e+03
-1.288127999999999959e-09 1.361000000000000000e+03
-1.274302999999999958e-09 1.362000000000000000e+03
-9.695366000000000990e-10 1.364000000000000000e+03
-1.093146000000000063e-09 1.365000000000000000e+03
-1.178968000000000100e-09 1.366000000000000000e+03
-1.267901999999999950e-09 1.368000000000000000e+03
-1.072615000000000023e-09 1.369000000000000000e+03
-1.422116000000000014e-09 1.370000000000000000e+03
-1.098913999999999913e-09 1.372000000000000000e+03
-1.145340000000000100e-09 1.373000000000000000e+03
-1.153068999999999919e-09 1.375000000000000000e+03
-1.088100999999999901e-09 1.376000000000000000e+03
-1.070663999999999933e-09 1.377000000000000000e+03
-1.152378000000000092e-09 1.379000000000000000e+03
-1.320135999999999917e-09 1.380000000000000000e+03
-1.011105000000000098e-09 1.381000000000000000e+03
-1.174264999999999977e-09 1.383000000000000000e+03
-1.230413000000000019e-09 1.384000000000000000e+03
-1.023421999999999984e-09 1.386000000000000000e+03
-1.083642999999999915e-09 1.387000000000000000e+03
-9.911599000000000899e-10 1.388000000000000000e+03
-1.130552999999999911e-09 1.390000000000000000e+03
-1.218071000000000022e-09 1.391000000000000000e+03
-1.398494999999999936e-09 1.392000000000000000e+03
-1.164142999999999999e-09 1.394000000000000000e+03
-1.133960999999999989e-09 1.395000000000000000e+03
-1.402648000000000097e-09 1.397000000000000000e+03
-1.286232999999999936e-09 1.398000000000000000e+03
-1.099796999999999940e-09 1.400000000000000000e+03
-1.085524999999999930e-09 1.401000000000000000e+03
-1.187627999999999944e-09 1.402000000000000000e+03
-1.108698999999999999e-09 1.404000000000000000e+03
-1.033127000000000004e-09 1.405000000000000000e+03
-1.306981000000000080e-09 1.406000000000000000e+03
-1.115876999999999951e-09 1.408000000000000000e+03
-1.172701999999999907e-09 1.409000000000000000e+03
-1.088854000000000053e-09 1.411000000000000000e+03
-1.196257999999999944e-09 1.412000000000000000e+03
-1.184835000000000076e-09 1.413000000000000000e+03
-1.128709000000000016e-09 1.415000000000000000e+03
-1.185494000000000042e-09 1.416000000000000000e+03
-1.058083999999999962e-09 1.417000000000000000e+03
-1.117826000000000023e-09 1.419000000000000000e+03
-1.049540000000000079e-09 1.420000000000000000e+03
-1.163584999999999968e-09 1.422000000000000000e+03
-1.071334000000000097e-09 1.423000000000000000e+03
-1.073515999999999997e-09 1.424000000000000000e+03
-1.274819999999999947e-09 1.426000000000000000e+03
-1.319659000000000064e-09 1.427000000000000000e+03
-1.193712999999999929e-09 1.429000000000000000e+03
-9.359855000000000038e-10 1.430000000000000000e+03
-1.093308999999999910e-09 1.431000000000000000e+03
-1.084843999999999981e-09 1.433000000000000000e+03
-1.102385000000000014e-09 1.434000000000000000e+03
-1.101826000000000079e-09 1.435000000000000000e+03
-1.053669000000000035e-09 1.437000000000000000e+03
-1.069461000000000056e-09 1.438000000000000000e+03
-1.058419999999999949e-09 1.440000000000000000e+03
-1.263142000000000062e-09 1.441000000000000000e+03
-1.005928999999999949e-09 1.442000000000000000e+03
-1.016632999999999957e-09 1.444000000000000000e+03
-1.230437999999999924e-09 1.445000000000000000e+03
-1.194440000000000065e-09 1.446000000000000000e+03
-1.680189999999999964e-09 1.448000000000000000e+03
-1.086534000000000004e-09 1.449000000000000000e+03
-1.155057999999999921e-09 1.451000000000000000e+03
-1.139736999999999908e-09 1.452000000000000000e+03
