-1.146907999999999903e-09 2.354000000000000000e+03
-1.172980000000000017e-09 2.355000000000000000e+03
-1.069574000000000095e-09 2.357000000000000000e+03
-1.247494000000000035e-09 2.358000000000000000e+03
-1.220367000000000073e-09 2.359000000000000000e+03
-1.053985000000000057e-09 2.361000000000000000e+03
-1.207886000000000020e-09 2.362000000000000000e+03
-1.147862000000000022e-09 2.363000000000000000e+03
-1.097070999999999923e-09 2.365000000000000000e+03
-1.135651999999999916e-09 2.366000000000000000e+03
-9.871144999999999003e-10 2.367000000000000000e+03
-1.038055999999999998e-09 2.369000000000000000e+03
-9.453879999999999618e-10 2.370000000000000000e+03
-1.263051999999999910e-09 2.372000000000000000e+03
-1.104511000000000054e-09 2.373000000000000000e+03
-1.198183000000000018e-09 2.375000000000000000e+03
-1.274075000000000070e-09 2.376000000000000000e+03
-1.339837000000000075e-09 2.377000000000000000e+03
-1.294868999999999988e-09 2.379000000000000000e+03
-1.351684999999999970e-09 2.380000000000000000e+03
-1.102256000000000045e-09 2.381000000000000000e+03
-1.063732999999999929e-09 2.383000000000000000e+03
-1.031044999999999928e-09 2.384000000000000000e+03
-1.052079999999999949e-09 2.385000000000000000e+03
-1.161501999999999987e-09 2.387000000000000000e+03
-1.120945000000000000e-09 2.388000000000000000e+03
-1.121511000000000099e-09 2.390000000000000000e+03
-1.397687999999999940e-09 2.391000000000000000e+03
-1.338042999999999988e-09 2.392000000000000000e+03
-1.131202999999999904e-09 2.394000000000000000e+03
-1.229767999999999966e-09 2.395000000000000000e+03
-1.073334000000000090e-09 2.396000000000000000e+03
-1.319938000000000080e-09 2.398000000000000000e+03
-1.069943999999999961e-09 2.399000000000000000e+03
-1.198606999999999933e-09 2.401000000000000000e+03
-1.054031000000000038e-09 2.402000000000000000e+03
-1.078296000000000057e-09 2.404000000000000000e+03
-1.062899999999999917e-09 2.405000000000000000e+03
-1.272167999999999944e-09 2.406000000000000000e+03
-1.220167999999999917e-09 2.408000000000000000e+03
-9.224242000000000002e-10 2.409000000000000000e+03
-1.300275000000000041e-09 2.410000000000000000e+03
-1.603856999999999955e-09 2.412000000000000000e+03
-1.339896999999999969e-09 2.413000000000000000e+03
-1.098411999999999950e-09 2.415000000000000000e+03
-1.391923999999999918e-09 2.416000000000000000e+03
-1.141184000000000016e-09 2.417000000000000000e+03
-1.293747000000000082e-09 2.419000000000000000e+03
-1.279755999999999897e-09 2.420000000000000000e+03
-1.065424000000000063e-09 2.421000000000000000e+03
-1.188233999999999973e-09 2.423000000000000000e+03
-1.218193999999999940e-09 2.424000000000000000e+03
-1.194927999999999909e-09 2.426000000000000000e+03
-1.291462999999999927e-09 2.427000000000000000e+03
-1.241047000000000047e-09 2.428000000000000000e+03
-1.114175000000000032e-09 2.430000000000000000e+03
-1.149354000000000000e-09 2.431000000000000000e+03
-1.073470999999999922e-09 2.433000000000000000e+03
-1.157179999999999927e-09 2.434000000000000000e+03
-1.086039999999999902e-09 2.435000000000000000e+03
-1.109193000000000101e-09 2.437000000000000000e+03
-1.211654000000000084e-09 2.438000000000000000e+03
-1.123217999999999957e-09 2.439000000000000000e+03
-1.093789000000000099e-09 2.441000000000000000e+03
-1.125747000000000042e-09 2.442000000000000000e+03
-1.144318000000000018e-09 2.444000000000000000e+03
-1.017123999999999930e-09 2.445000000000000000e+03
-1.181383000000000034e-09 2.446000000000000000e+03
-1.129862999999999989e-09 2.448000000000000000e+03
-1.137173999999999944e-09 2.449000000000000000e+03
-1.038141000000000003e-09 2.450000000000000000e+03
-1.315400000000000028e-09 2.452000000000000000e+03
-1.167615000000000005e-09 2.453000000000000000e+03
-1.150204999999999959e-09 2.455000000000000000e+03
-1.071849999999999974e-09 2.456000000000000000e+03
-1.377439000000000045e-09 2.457000000000000000e+03
-1.048430000000000070e-09 2.459000000000000000e+03
-1.338777999999999986e-09 2.460000000000000000e+03
-1.437101000000000040e-09 2.461000000000000000e+03
-1.499190999999999978e-09 2.463000000000000000e+03
-9.233783999999999761e-10 2.464000000000000000e+03
-1.129250999999999909e-09 2.466000000000000000e+03
-1.169687999999999901e-09 2.467000000000000000e+03
-1.090538000000000024e-09 2.468000000000000000e+03
-1.225979000000000032e-09 2.470000000000000000e+03
-1.066078000000000090e-09 2.471000000000000000e+03
-1.146298999999999952e-09 2.473000000000000000e+03
-9.900681999999999167e-10 2.474000000000000000e+03
-1.110936999999999966e-09 2.475000000000000000e+03
-1.262344000000000041e-09 2.477000000000000000e+03
-9.511822000000000988e-10 2.478000000000000000e+03
-1.262785999999999903e-09 2.479000000000000000e+03
-9.606454999999999993e-10 2.481000000000000000e+03
-1.102435000000000030e-09 2.482000000000000000e+03
-1.054786000000000001e-09 2.484000000000000000e+03
-9.637796000000000330e-10 2.485000000000000000e+03
-1.005060999999999948e-09 2.486000000000000000e+03
-1.081978999999999909e-09 2.488000000000000000e+03
-1.173937000000000058e-09 2.489000000000000000e+03
-1.296955000000000098e-09 2.490000000000000000e+03
-1.262959999999999948e-09 2.492000000000000000e+03
-9.926446000000000155e-10 2.493000000000000000e+03
-1.316724000000000012e-09 2.495000000000000000e+03
-1.025319999999999929e-09 2.496000000000000000e+03
-1.086533000000000098e-09 2.497000000000000000e+03
-1.310922000000000077e-09 2.499000000000000000e+03
-1.013302000000000023e-09 2.500000000000000000e+03
-1.084353999999999914e-09 2.502000000000000000e+03
-1.218106999999999917e-09 2.503000000000000000e+03
-1.136715000000000039e-09 2.504000000000000000e+03
-1.147655000000000004e-09 2.506000000000000000e+03
-1.105096000000000006e-09 2.507000000000000000e+03
-1.157499000000000079e-09 2.508000000000000000e+03
-1.142453000000000046e-09 2.510000000000000000e+03
-1.244955999999999976e-09 2.511000000000000000e+03
-1.088527999999999945e-09 2.513000000000000000e+03
-9.903892999999999106e-10 2.514000000000000000e+03
-1.191232000000000049e-09 2.515000000000000000e+03
-1.315371000000000089e-09 2.517000000000000000e+03
-9.383855999999999447e-10 2.518000000000000000e+03
-1.041774999999999952e-09 2.520000000000000000e+03
-1.191967999999999952e-09 2.521000000000000000e+03
-1.494704999999999958e-09 2.522000000000000000e+03
-1.006541999999999935e-09 2.524000000000000000e+03
-1.006057000000000014e-09 2.525000000000000000e+03
-1.136796999999999916e-09 2.526000000000000000e+03
-1.264582999999999913e-09 2.528000000000000000e+03
-1.026989999999999987e-09 2.529000000000000000e+03
-1.198894999999999922e-09 2.531000000000000000e+03
-1.059302999999999976e-09 2.532000000000000000e+03
-1.161763000000000055e-09 2.533000000000000000e+03
-1.126041000000000082e-09 2.535000000000000000e+03
-1.333645000000000103e-09 2.536000000000000000e+03
-1.103388999999999942e-09 2.538000000000000000e+03
-1.056642000000000000e-09 2.539000000000000000e+03
-1.096319000000000089e-09 2.540000000000000000e+03
-1.113475999999999930e-09 2.542000000000000000e+03
-1.399828000000000101e-09 2.543000000000000000e+03
-1.490785999999999943e-09 2.544000000000000000e+03
-1.367562999999999902e-09 2.546000000000000000e+03
-1.094597999999999905e-09 2.547000000000000000e+03
-1.113451999999999931e-09 2.549000000000000000e+03
-1.378176999999999965e-09 2.550000000000000000e+03
-1.159586000000000094e-09 2.551000000000000000e+03
-1.180288000000000050e-09 2.553000000000000000e+03
-1.248248000000000093e-09 2.554000000000000000e+03
-1.023620000000000028e-09 2.555000000000000000e+03
-1.116528000000000055e-09 2.557000000000000000e+03
-1.024989999999999994e-09 2.558000000000000000e+03
-1.191515000000000098e-09 2.560000000000000000e+03
-1.157392999999999996e-09 2.561000000000000000e+03
-1.093691000000000085e-09 2.562000000000000000e+03
-9.872935999999999168e-10 2.564000000000000000e+03
-1.126410999999999948e-09 2.565000000000000000e+03
-1.513329999999999984e-09 2.566000000000000000e+03
-1.173006000000000033e-09 2.568000000000000000e+03
-1.171874000000000042e-09 2.569000000000000000e+03
-1.129631000000000067e-09 2.571000000000000000e+03
-1.207873999999999917e-09 2.572000000000000000e+03
-1.159087000000000053e-09 2.574000000000000000e+03
-1.230655999999999932e-09 2.575000000000000000e+03
-1.055658000000000037e-09 2.576000000000000000e+03
-1.128336000000000021e-09 2.578000000000000000e+03
-1.283115000000000072e-09 2.579000000000000000e+03
-1.029748999999999977e-09 2.580000000000000000e+03
-1.245967000000000067e-09 2.582000000000000000e+03
-1.032873000000000100e-09 2.583000000000000000e+03
-1.077457999999999900e-09 2.585000000000000000e+03
-1.207269999999999906e-09 2.586000000000000000e+03
-1.156629999999999965e-09 2.587000000000000000e+03
-1.034265000000000047e-09 2.589000000000000000e+03
-9.941400000000000432e-10 2.590000000000000000e+03
-1.064007000000000005e-09 2.591000000000000000e+03
-1.195068000000000076e-09 2.593000000000000000e+03
-1.167270000000000044e-09 2.594000000000000000e+03
-1.231231000000000005e-09 2.596000000000000000e+03
-1.142534999999999922e-09 2.597000000000000000e+03
-1.099682000000000091e-09 2.598000000000000000e+03
-1.209116999999999931e-09 2.600000000000000000e+03
-9.705861000000000549e-10 2.601000000000000000e+03
-1.257773999999999921e-09 2.602000000000000000e+03
-1.264616000000000092e-09 2.604000000000000000e+03
-1.189326999999999940e-09 2.605000000000000000e+03
-1.031380999999999915e-09 2.607000000000000000e+03
-1.198935000000000058e-09 2.608000000000000000e+03
-1.065995000000000102e-09 2.609000000000000000e+03
-1.172615000000000091e-09 2.611000000000000000e+03
-1.009878999999999920e-09 2.612000000000000000e+03
-1.035294999999999991e-09 2.614000000000000000e+03
-1.271508000000000072e-09 2.615000000000000000e+03
-1.134876000000000083e-09 2.616000000000000000e+03
-1.145508000000000094e-09 2.618000000000000000e+03
-1.048278000000000007e-09 2.619000000000000000e+03
-1.231928999999999996e-09 2.620000000000000000e+03
-1.149962000000000045e-09 2.622000000000000000e+03
-1.133712000000000024e-09 2.623000000000000000e+03
-1.383836000000000018e-09 2.625000000000000000e+03
-1.130805999999999910e-09 2.626000000000000000e+03
-1.026673999999999964e-09 2.627000000000000000e+03
-1.123669999999999905e-09 2.629000000000000000e+03
