-1.042973000000000096e-09 0.000000000000000000e+00
-1.039100999999999967e-09 2.000000000000000000e+00
-9.880747999999999596e-10 3.000000000000000000e+00
-1.217000000000000037e-09 4.000000000000000000e+00
-9.781135999999999547e-10 6.000000000000000000e+00
-1.107222000000000046e-09 7.000000000000000000e+00
-1.014131000000000000e-09 9.000000000000000000e+00
-9.043171000000000431e-10 1.000000000000000000e+01
-1.247361999999999937e-09 1.100000000000000000e+01
-1.006554999999999943e-09 1.300000000000000000e+01
-1.003060000000000050e-09 1.400000000000000000e+01
-1.250329999999999962e-09 1.500000000000000000e+01
-1.401344999999999983e-09 1.700000000000000000e+01
-1.226118000000000087e-09 1.800000000000000000e+01
-1.245583999999999987e-09 2.000000000000000000e+01
-1.043767999999999988e-09 2.100000000000000000e+01
-1.173968999999999919e-09 2.300000000000000000e+01
-1.170993999999999937e-09 2.400000000000000000e+01
-1.112764999999999931e-09 2.500000000000000000e+01
-1.058916000000000069e-09 2.700000000000000000e+01
-1.039015000000000056e-09 2.800000000000000000e+01
-1.154243999999999969e-09 2.900000000000000000e+01
-1.172105999999999964e-09 3.100000000000000000e+01
-9.303440000000000497e-10 3.200000000000000000e+01
-1.142931000000000011e-09 3.300000000000000000e+01
-1.102411999999999936e-09 3.500000000000000000e+01
-1.025988999999999982e-09 3.600000000000000000e+01
-1.159440000000000082e-09 3.800000000000000000e+01
-1.103048000000000015e-09 3.900000000000000000e+01
-1.072689000000000037e-09 4.000000000000000000e+01
-1.105907000000000036e-09 4.200000000000000000e+01
-1.210150000000000003e-09 4.300000000000000000e+01
-8.882786000000000266e-10 4.500000000000000000e+01
-1.420513000000000014e-09 4.600000000000000000e+01
-1.135289000000000007e-09 4.700000000000000000e+01
-1.076913000000000084e-09 4.900000000000000000e+01
-1.059344000000000018e-09 5.000000000000000000e+01
-1.252451999999999968e-09 5.100000000000000000e+01
-1.354650000000000073e-09 5.300000000000000000e+01
-1.034385000000000042e-09 5.400000000000000000e+01
-1.266300000000000063e-09 5.600000000000000000e+01
-1.045918000000000027e-09 5.700000000000000000e+01
-1.077360000000000093e-09 5.800000000000000000e+01
-1.132744999999999897e-09 6.000000000000000000e+01
-1.061760000000000064e-09 6.100000000000000000e+01
-9.862492999999999642e-10 6.300000000000000000e+01
-1.388605000000000087e-09 6.400000000000000000e+01
-1.120694000000000018e-09 6.500000000000000000e+01
-1.002726999999999985e-09 6.700000000000000000e+01
-1.194839000000000076e-09 6.800000000000000000e+01
-1.221207000000000041e-09 6.900000000000000000e+01
-1.241782999999999950e-09 7.100000000000000000e+01
-1.109820999999999905e-09 7.200000000000000000e+01
-1.074327000000000027e-09 7.400000000000000000e+01
-1.212422999999999960e-09 7.500000000000000000e+01
-9.634385999999998994e-10 7.600000000000000000e+01
-1.205864999999999951e-09 7.800000000000000000e+01
-1.190761000000000041e-09 7.900000000000000000e+01
-9.802684000000000764e-10 8.000000000000000000e+01
-1.141936000000000057e-09 8.200000000000000000e+01
-1.297348000000000057e-09 8.300000000000000000e+01
-1.263592999999999898e-09 8.500000000000000000e+01
-1.065705000000000095e-09 8.600000000000000000e+01
-1.384473000000000002e-09 8.700000000000000000e+01
-1.317439000000000045e-09 8.900000000000000000e+01
-1.135995999999999972e-09 9.000000000000000000e+01
-1.034149999999999991e-09 9.100000000000000000e+01
-1.119241999999999970e-09 9.300000000000000000e+01
-1.075753000000000059e-09 9.400000000000000000e+01
-1.042396999999999911e-09 9.600000000000000000e+01
-1.134253000000000012e-09 9.700000000000000000e+01
-1.079814999999999957e-09 9.800000000000000000e+01
-1.021622999999999958e-09 1.000000000000000000e+02
-1.149214999999999945e-09 1.010000000000000000e+02
-1.111241000000000092e-09 1.030000000000000000e+02
-1.180467999999999940e-09 1.040000000000000000e+02
-1.250211000000000078e-09 1.050000000000000000e+02
-1.449192999999999961e-09 1.070000000000000000e+02
-9.635289999999999718e-10 1.080000000000000000e+02
-1.119143999999999956e-09 1.100000000000000000e+02
-9.519458999999999397e-10 1.110000000000000000e+02
-1.060053999999999905e-09 1.120000000000000000e+02
-9.885445999999999986e-10 1.140000000000000000e+02
-1.135210999999999959e-09 1.150000000000000000e+02
-1.179896999999999901e-09 1.160000000000000000e+02
-9.669341999999999840e-10 1.180000000000000000e+02
-8.926782000000000080e-10 1.190000000000000000e+02
-1.001808999999999968e-09 1.200000000000000000e+02
-1.190032000000000094e-09 1.220000000000000000e+02
-1.076974000000000090e-09 1.230000000000000000e+02
-9.471977999999999155e-10 1.250000000000000000e+02
-1.351723999999999995e-09 1.260000000000000000e+02
-8.488961000000000336e-10 1.280000000000000000e+02
-9.842481000000000021e-10 1.290000000000000000e+02
-1.111237999999999963e-09 1.300000000000000000e+02
-1.038692999999999982e-09 1.320000000000000000e+02
-1.043730000000000076e-09 1.330000000000000000e+02
-1.045935000000000070e-09 1.340000000000000000e+02
-1.033194000000000062e-09 1.360000000000000000e+02
-9.176957999999999486e-10 1.370000000000000000e+02
-1.175398000000000080e-09 1.390000000000000000e+02
-8.867531999999999483e-10 1.400000000000000000e+02
-1.079371000000000077e-09 1.410000000000000000e+02
-1.232049999999999897e-09 1.430000000000000000e+02
-1.175359000000000056e-09 1.440000000000000000e+02
-1.196532999999999925e-09 1.450000000000000000e+02
-9.224270999999999940e-10 1.470000000000000000e+02
-9.767029000000000435e-10 1.480000000000000000e+02
-1.162677000000000037e-09 1.500000000000000000e+02
-8.674942999999999953e-10 1.510000000000000000e+02
-1.085249999999999949e-09 1.520000000000000000e+02
-1.119789000000000009e-09 1.540000000000000000e+02
-9.420993000000000701e-10 1.550000000000000000e+02
-1.310390999999999968e-09 1.570000000000000000e+02
-9.624806999999999849e-10 1.580000000000000000e+02
-1.064886999999999902e-09 1.590000000000000000e+02
-1.148082000000000048e-09 1.610000000000000000e+02
-1.196438000000000041e-09 1.620000000000000000e+02
-1.049553999999999993e-09 1.630000000000000000e+02
-1.068222000000000078e-09 1.650000000000000000e+02
-1.052129999999999964e-09 1.660000000000000000e+02
-1.304131999999999938e-09 1.670000000000000000e+02
-1.037704000000000080e-09 1.690000000000000000e+02
-1.217565999999999929e-09 1.700000000000000000e+02
-1.289669999999999952e-09 1.720000000000000000e+02
-1.271595000000000095e-09 1.730000000000000000e+02
-1.251622000000000085e-09 1.740000000000000000e+02
-1.060587000000000031e-09 1.760000000000000000e+02
-1.227741000000000052e-09 1.770000000000000000e+02
-1.193878000000000000e-09 1.790000000000000000e+02
-1.110190000000000072e-09 1.800000000000000000e+02
-9.256848000000000334e-10 1.810000000000000000e+02
-1.139716000000000038e-09 1.830000000000000000e+02
-1.024673000000000066e-09 1.840000000000000000e+02
-8.873931999999999585e-10 1.850000000000000000e+02
-1.103408000000000001e-09 1.870000000000000000e+02
-1.155613999999999935e-09 1.880000000000000000e+02
-8.713199000000000157e-10 1.900000000000000000e+02
-1.188888999999999905e-09 1.910000000000000000e+02
-1.020604000000000005e-09 1.920000000000000000e+02
-1.249841000000000006e-09 1.940000000000000000e+02
-1.318987000000000090e-09 1.950000000000000000e+02
-1.020056000000000060e-09 1.960000000000000000e+02
-9.937427999999999859e-10 1.980000000000000000e+02
-1.198364000000000020e-09 1.990000000000000000e+02
-1.098915000000000025e-09 2.010000000000000000e+02
-1.000713999999999984e-09 2.020000000000000000e+02
-1.075646999999999977e-09 2.040000000000000000e+02
-1.062050000000000070e-09 2.050000000000000000e+02
-1.053243000000000103e-09 2.060000000000000000e+02
-1.038891999999999932e-09 2.080000000000000000e+02
-1.218178999999999914e-09 2.090000000000000000e+02
-1.198892000000000000e-09 2.100000000000000000e+02
-9.456468999999999804e-10 2.120000000000000000e+02
-9.878559000000000773e-10 2.130000000000000000e+02
-1.085146999999999996e-09 2.150000000000000000e+02
-9.907608000000000473e-10 2.160000000000000000e+02
-1.118085000000000074e-09 2.170000000000000000e+02
-9.554651999999999278e-10 2.190000000000000000e+02
-9.160586000000000072e-10 2.200000000000000000e+02
-1.230568999999999910e-09 2.210000000000000000e+02
-1.116569000000000097e-09 2.230000000000000000e+02
-1.523698000000000005e-09 2.240000000000000000e+02
-1.155212000000000002e-09 2.260000000000000000e+02
-1.209646000000000023e-09 2.270000000000000000e+02
-1.082689000000000003e-09 2.280000000000000000e+02
-1.089796999999999975e-09 2.300000000000000000e+02
-1.285021999999999991e-09 2.310000000000000000e+02
-1.386492000000000055e-09 2.330000000000000000e+02
-1.121889999999999938e-09 2.340000000000000000e+02
-1.089569000000000087e-09 2.350000000000000000e+02
-1.468906000000000014e-09 2.370000000000000000e+02
-1.131956999999999961e-09 2.380000000000000000e+02
-1.195264000000000103e-09 2.390000000000000000e+02
-9.485483999999999005e-10 2.410000000000000000e+02
-1.424988999999999948e-09 2.420000000000000000e+02
-1.062936000000000019e-09 2.430000000000000000e+02
-1.009605999999999957e-09 2.450000000000000000e+02
-1.243381999999999915e-09 2.460000000000000000e+02
-1.105453999999999975e-09 2.480000000000000000e+02
-1.201821000000000001e-09 2.490000000000000000e+02
-1.006235000000000093e-09 2.500000000000000000e+02
-1.068560999999999987e-09 2.520000000000000000e+02
-8.768282000000000059e-10 2.530000000000000000e+02
-1.197897999999999951e-09 2.550000000000000000e+02
-8.577438999999999790e-10 2.560000000000000000e+02
-1.101253999999999928e-09 2.570000000000000000e+02
-1.329511999999999906e-09 2.590000000000000000e+02
-1.251359999999999906e-09 2.600000000000000000e+02
-1.197694999999999967e-09 2.610000000000000000e+02
-1.227300000000000094e-09 2.630000000000000000e+02
-1.275266999999999956e-09 2.640000000000000000e+02
-1.014272000000000073e-09 2.660000000000000000e+02
-9.426288999999999397e-10 2.670000000000000000e+02
-1.004543000000000054e-09 2.680000000000000000e+02
-1.024667000000000014e-09 2.700000000000000000e+02
-1.218503999999999911e-09 2.710000000000000000e+02
-1.133374999999999925e-09 2.730000000000000000e+02
-1.013339999999999936e-09 2.740000000000000000e+02
-1.170528000000000076e-09 2.750000000000000000e+02
