-1.209931999999999995e-09 3.530000000000000000e+03
-1.099338000000000035e-09 3.532000000000000000e+03
-9.855311999999999768e-10 3.533000000000000000e+03
-1.197771999999999904e-09 3.535000000000000000e+03
-1.273013000000000058e-09 3.536000000000000000e+03
-1.242146999999999971e-09 3.537000000000000000e+03
-1.270727000000000093e-09 3.539000000000000000e+03
-1.077371999999999989e-09 3.540000000000000000e+03
-1.175839000000000038e-09 3.541000000000000000e+03
-1.324420999999999970e-09 3.543000000000000000e+03
-1.101390999999999966e-09 3.544000000000000000e+03
-1.201954999999999909e-09 3.546000000000000000e+03
-1.101748999999999935e-09 3.547000000000000000e+03
-1.028019000000000025e-09 3.548000000000000000e+03
-1.337831000000000030e-09 3.550000000000000000e+03
-1.134272000000000072e-09 3.551000000000000000e+03
-8.525419000000000212e-10 3.552000000000000000e+03
-9.289194999999999788e-10 3.554000000000000000e+03
-9.596999999999999016e-10 3.555000000000000000e+03
-1.084337999999999983e-09 3.557000000000000000e+03
-1.088893999999999983e-09 3.558000000000000000e+03
-1.100688000000000036e-09 3.559000000000000000e+03
-1.244606999999999981e-09 3.561000000000000000e+03
-1.158625000000000019e-09 3.562000000000000000e+03
-1.325522999999999911e-09 3.564000000000000000e+03
-1.175126000000000022e-09 3.565000000000000000e+03
-1.281835000000000051e-09 3.566000000000000000e+03
-1.449646000000000021e-09 3.568000000000000000e+03
-1.153478999999999921e-09 3.569000000000000000e+03
-1.282431999999999899e-09 3.570000000000000000e+03
-9.952443999999999221e-10 3.572000000000000000e+03
-1.046655999999999947e-09 3.573000000000000000e+03
-1.132604999999999937e-09 3.575000000000000000e+03
-1.139541000000000087e-09 3.576000000000000000e+03
-1.191241999999999928e-09 3.577000000000000000e+03
-1.233422000000000086e-09 3.579000000000000000e+03
-1.134994999999999967e-09 3.580000000000000000e+03
-1.246416999999999998e-09 3.582000000000000000e+03
-9.211477999999999900e-10 3.583000000000000000e+03
-1.092069000000000026e-09 3.584000000000000000e+03
-9.570141000000000526e-10 3.586000000000000000e+03
-1.008092999999999902e-09 3.587000000000000000e+03
-1.121006999999999911e-09 3.588000000000000000e+03
-9.531226999999999433e-10 3.590000000000000000e+03
-1.070096000000000024e-09 3.591000000000000000e+03
-1.307926000000000018e-09 3.593000000000000000e+03
-1.287250000000000078e-09 3.594000000000000000e+03
-1.058310999999999945e-09 3.595000000000000000e+03
-1.108179999999999993e-09 3.597000000000000000e+03
-1.202636999999999970e-09 3.598000000000000000e+03
-1.206381999999999940e-09 3.600000000000000000e+03
-1.086852000000000043e-09 3.601000000000000000e+03
-1.406997000000000079e-09 3.602000000000000000e+03
-1.125860999999999986e-09 3.604000000000000000e+03
-9.118193000000000465e-10 3.605000000000000000e+03
-1.200715999999999930e-09 3.606000000000000000e+03
-1.046901999999999990e-09 3.608000000000000000e+03
-1.015707000000000078e-09 3.609000000000000000e+03
-1.316226999999999988e-09 3.610000000000000000e+03
-1.162769999999999904e-09 3.612000000000000000e+03
-1.198497000000000023e-09 3.613000000000000000e+03
-1.138202000000000078e-09 3.615000000000000000e+03
-1.014794999999999906e-09 3.616000000000000000e+03
-1.129974000000000011e-09 3.617000000000000000e+03
-1.141633000000000043e-09 3.619000000000000000e+03
-1.125790000000000100e-09 3.620000000000000000e+03
-1.051586999999999959e-09 3.622000000000000000e+03
-8.597867999999999989e-10 3.623000000000000000e+03
-1.188700000000000041e-09 3.624000000000000000e+03
-1.053806999999999978e-09 3.626000000000000000e+03
-1.252438000000000054e-09 3.627000000000000000e+03
-1.111534000000000021e-09 3.629000000000000000e+03
-1.142592000000000101e-09 3.630000000000000000e+03
-1.303987000000000038e-09 3.631000000000000000e+03
-1.195297000000000076e-09 3.633000000000000000e+03
-1.263264000000000075e-09 3.634000000000000000e+03
-9.949844999999999983e-10 3.635000000000000000e+03
-1.120168999999999960e-09 3.637000000000000000e+03
-1.020080000000000059e-09 3.638000000000000000e+03
-1.271334000000000027e-09 3.640000000000000000e+03
-1.320811999999999926e-09 3.641000000000000000e+03
-1.066925000000000015e-09 3.642000000000000000e+03
-1.037264000000000028e-09 3.644000000000000000e+03
-1.252759000000000016e-09 3.645000000000000000e+03
-1.181699000000000057e-09 3.647000000000000000e+03
-1.321157999999999999e-09 3.648000000000000000e+03
-1.130578000000000022e-09 3.649000000000000000e+03
-1.245239000000000026e-09 3.651000000000000000e+03
-9.177740999999999895e-10 3.652000000000000000e+03
-1.280758000000000014e-09 3.653000000000000000e+03
-1.379524000000000043e-09 3.655000000000000000e+03
-1.280409000000000019e-09 3.656000000000000000e+03
-1.152856999999999962e-09 3.658000000000000000e+03
-1.225693000000000060e-09 3.659000000000000000e+03
-9.062915000000000441e-10 3.660000000000000000e+03
-1.401881999999999937e-09 3.662000000000000000e+03
-1.139528000000000079e-09 3.663000000000000000e+03
-1.313546000000000046e-09 3.664000000000000000e+03
-1.127127000000000093e-09 3.666000000000000000e+03
-1.239736000000000071e-09 3.667000000000000000e+03
-1.278007000000000093e-09 3.668000000000000000e+03
-1.211687000000000057e-09 3.670000000000000000e+03
-9.839045000000000738e-10 3.671000000000000000e+03
-1.118297000000000031e-09 3.673000000000000000e+03
-1.261314000000000097e-09 3.674000000000000000e+03
-1.160856000000000029e-09 3.675000000000000000e+03
-1.099608999999999982e-09 3.677000000000000000e+03
-1.304142000000000024e-09 3.678000000000000000e+03
-1.013801000000000065e-09 3.680000000000000000e+03
-1.118836000000000002e-09 3.681000000000000000e+03
-1.157028000000000071e-09 3.682000000000000000e+03
-1.332858999999999978e-09 3.684000000000000000e+03
-1.291543999999999898e-09 3.685000000000000000e+03
-1.122702000000000080e-09 3.686000000000000000e+03
-1.018739999999999938e-09 3.688000000000000000e+03
-1.276692999999999988e-09 3.689000000000000000e+03
-1.195805000000000091e-09 3.691000000000000000e+03
-1.170744999999999973e-09 3.692000000000000000e+03
-1.304220999999999978e-09 3.693000000000000000e+03
-1.173689999999999904e-09 3.695000000000000000e+03
-1.172262000000000062e-09 3.696000000000000000e+03
-1.213031999999999911e-09 3.698000000000000000e+03
-1.138023999999999998e-09 3.699000000000000000e+03
-9.939618999999999319e-10 3.700000000000000000e+03
-1.279571999999999973e-09 3.702000000000000000e+03
-1.052245999999999925e-09 3.703000000000000000e+03
-1.110718999999999957e-09 3.705000000000000000e+03
-1.172384000000000074e-09 3.706000000000000000e+03
-1.118181000000000070e-09 3.707000000000000000e+03
-1.122536000000000103e-09 3.709000000000000000e+03
-1.180543999999999972e-09 3.710000000000000000e+03
-1.022885000000000030e-09 3.711000000000000000e+03
-1.244672000000000021e-09 3.713000000000000000e+03
-1.143498999999999920e-09 3.714000000000000000e+03
-1.362849999999999900e-09 3.716000000000000000e+03
-1.189635000000000101e-09 3.717000000000000000e+03
-1.229662000000000091e-09 3.718000000000000000e+03
-1.045963000000000103e-09 3.720000000000000000e+03
-1.209391000000000006e-09 3.721000000000000000e+03
-1.005400000000000064e-09 3.723000000000000000e+03
-1.275179000000000028e-09 3.724000000000000000e+03
-1.010268999999999957e-09 3.725000000000000000e+03
-1.267059999999999965e-09 3.727000000000000000e+03
-1.226408999999999999e-09 3.728000000000000000e+03
-1.050875000000000055e-09 3.729000000000000000e+03
-1.158398999999999941e-09 3.731000000000000000e+03
-1.117333000000000033e-09 3.732000000000000000e+03
-1.258793999999999986e-09 3.733000000000000000e+03
-1.179106999999999948e-09 3.735000000000000000e+03
-1.026981999999999918e-09 3.736000000000000000e+03
-1.195199999999999967e-09 3.738000000000000000e+03
-1.200117999999999970e-09 3.739000000000000000e+03
-1.234404000000000032e-09 3.740000000000000000e+03
-1.130964000000000025e-09 3.742000000000000000e+03
-9.979843000000000276e-10 3.743000000000000000e+03
-1.108831000000000097e-09 3.745000000000000000e+03
-1.294816000000000050e-09 3.746000000000000000e+03
-1.285700999999999922e-09 3.747000000000000000e+03
-1.155964000000000042e-09 3.749000000000000000e+03
-1.230814999999999952e-09 3.750000000000000000e+03
-1.317275999999999991e-09 3.751000000000000000e+03
-1.366615999999999947e-09 3.753000000000000000e+03
-1.035798000000000066e-09 3.754000000000000000e+03
-1.275059000000000032e-09 3.756000000000000000e+03
-1.255987999999999902e-09 3.757000000000000000e+03
-1.059845000000000076e-09 3.758000000000000000e+03
-1.239510999999999898e-09 3.760000000000000000e+03
-9.691550000000000514e-10 3.761000000000000000e+03
-1.183042000000000101e-09 3.762000000000000000e+03
-8.745840999999999557e-10 3.764000000000000000e+03
-1.390915999999999956e-09 3.765000000000000000e+03
-1.149173999999999903e-09 3.767000000000000000e+03
-1.120713999999999983e-09 3.768000000000000000e+03
-1.182380000000000005e-09 3.769000000000000000e+03
-1.157534999999999974e-09 3.771000000000000000e+03
-9.425913999999999799e-10 3.772000000000000000e+03
-1.157534999999999974e-09 3.774000000000000000e+03
-1.064057999999999925e-09 3.775000000000000000e+03
-1.096282000000000082e-09 3.776000000000000000e+03
-1.101416999999999982e-09 3.778000000000000000e+03
-1.236260000000000030e-09 3.779000000000000000e+03
-1.214793999999999931e-09 3.780000000000000000e+03
-1.295562000000000039e-09 3.782000000000000000e+03
-1.124430000000000014e-09 3.783000000000000000e+03
-1.122135000000000075e-09 3.785000000000000000e+03
-1.211644999999999904e-09 3.786000000000000000e+03
-1.238378999999999907e-09 3.787000000000000000e+03
-1.361402999999999998e-09 3.789000000000000000e+03
-1.129557000000000052e-09 3.790000000000000000e+03
-1.066506000000000039e-09 3.791000000000000000e+03
-1.276531000000000045e-09 3.793000000000000000e+03
-1.225636999999999994e-09 3.794000000000000000e+03
-1.320069000000000066e-09 3.796000000000000000e+03
-1.257217999999999908e-09 3.797000000000000000e+03
-1.304617999999999971e-09 3.799000000000000000e+03
-1.266091000000000028e-09 3.800000000000000000e+03
-1.150123000000000082e-09 3.801000000000000000e+03
-1.357405000000000029e-09 3.803000000000000000e+03
-1.088357999999999934e-09 3.804000000000000000e+03
-1.220559000000000065e-09 3.805000000000000000e+03
