-1.146132000000000070e-09 4.707000000000000000e+03
-1.101141000000000096e-09 4.708000000000000000e+03
-1.441234999999999935e-09 4.710000000000000000e+03
-1.144950999999999968e-09 4.711000000000000000e+03
-1.235250999999999956e-09 4.712000000000000000e+03
-1.100367000000000074e-09 4.714000000000000000e+03
-1.067849000000000083e-09 4.715000000000000000e+03
-1.180487000000000000e-09 4.717000000000000000e+03
-1.285785999999999927e-09 4.718000000000000000e+03
-1.317557999999999929e-09 4.720000000000000000e+03
-1.153574000000000012e-09 4.721000000000000000e+03
-1.230757000000000075e-09 4.722000000000000000e+03
-1.309280000000000053e-09 4.724000000000000000e+03
-1.357021000000000044e-09 4.725000000000000000e+03
-1.259131000000000085e-09 4.726000000000000000e+03
-1.144697000000000064e-09 4.728000000000000000e+03
-1.123874000000000001e-09 4.729000000000000000e+03
-1.055577999999999971e-09 4.731000000000000000e+03
-1.178423000000000078e-09 4.732000000000000000e+03
-9.337587999999999168e-10 4.733000000000000000e+03
-1.427751000000000067e-09 4.735000000000000000e+03
-1.197694999999999967e-09 4.736000000000000000e+03
-1.137707000000000071e-09 4.738000000000000000e+03
-1.187217000000000037e-09 4.739000000000000000e+03
-1.000879000000000055e-09 4.740000000000000000e+03
-1.132735000000000018e-09 4.742000000000000000e+03
-1.124868000000000049e-09 4.743000000000000000e+03
-1.258274999999999979e-09 4.744000000000000000e+03
-1.174386999999999990e-09 4.746000000000000000e+03
-1.051320000000000046e-09 4.747000000000000000e+03
-1.165340999999999936e-09 4.749000000000000000e+03
-1.261688999999999902e-09 4.750000000000000000e+03
-1.260490000000000059e-09 4.751000000000000000e+03
-9.811163999999999063e-10 4.753000000000000000e+03
-1.180958000000000008e-09 4.754000000000000000e+03
-9.995715999999999855e-10 4.755000000000000000e+03
-1.161371000000000001e-09 4.757000000000000000e+03
-1.178142999999999951e-09 4.758000000000000000e+03
-1.199149000000000033e-09 4.760000000000000000e+03
-1.294827000000000041e-09 4.761000000000000000e+03
-1.074894000000000031e-09 4.762000000000000000e+03
-1.109523000000000037e-09 4.764000000000000000e+03
-1.062683000000000020e-09 4.765000000000000000e+03
-1.090889000000000037e-09 4.766000000000000000e+03
-1.301051999999999986e-09 4.768000000000000000e+03
-1.271489999999999918e-09 4.769000000000000000e+03
-1.024025999999999996e-09 4.771000000000000000e+03
-9.688561000000001033e-10 4.772000000000000000e+03
-1.212882999999999977e-09 4.773000000000000000e+03
-1.164819000000000008e-09 4.775000000000000000e+03
-1.143157000000000088e-09 4.776000000000000000e+03
-1.134021999999999995e-09 4.777000000000000000e+03
-1.045410999999999917e-09 4.779000000000000000e+03
-1.160867999999999925e-09 4.780000000000000000e+03
-1.166531000000000012e-09 4.782000000000000000e+03
-1.028294000000000006e-09 4.783000000000000000e+03
-9.001698999999999729e-10 4.784000000000000000e+03
-1.046980999999999944e-09 4.786000000000000000e+03
-1.328651999999999973e-09 4.787000000000000000e+03
-1.116775000000000003e-09 4.789000000000000000e+03
-1.148337999999999969e-09 4.790000000000000000e+03
-1.335480000000000025e-09 4.791000000000000000e+03
-1.016141000000000079e-09 4.793000000000000000e+03
-1.103270999999999963e-09 4.794000000000000000e+03
-1.153879000000000043e-09 4.795000000000000000e+03
-1.342206000000000028e-09 4.797000000000000000e+03
-1.117902999999999960e-09 4.798000000000000000e+03
-1.178820999999999977e-09 4.800000000000000000e+03
-1.291274000000000064e-09 4.801000000000000000e+03
-1.188462999999999973e-09 4.802000000000000000e+03
-1.177786000000000093e-09 4.804000000000000000e+03
-1.009156000000000025e-09 4.805000000000000000e+03
-1.396128999999999905e-09 4.806000000000000000e+03
-1.063095000000000039e-09 4.808000000000000000e+03
-1.186390999999999982e-09 4.809000000000000000e+03
-1.226393999999999973e-09 4.811000000000000000e+03
-1.118942999999999990e-09 4.812000000000000000e+03
-1.097137999999999981e-09 4.814000000000000000e+03
-1.393798000000000071e-09 4.815000000000000000e+03
-1.080656999999999942e-09 4.816000000000000000e+03
-1.204874999999999936e-09 4.818000000000000000e+03
-1.314944000000000045e-09 4.819000000000000000e+03
-1.095129999999999919e-09 4.820000000000000000e+03
-1.196185999999999947e-09 4.822000000000000000e+03
-1.374922999999999968e-09 4.823000000000000000e+03
-1.319749000000000009e-09 4.825000000000000000e+03
-1.177464000000000019e-09 4.826000000000000000e+03
-1.174718999999999943e-09 4.827000000000000000e+03
-1.228570999999999934e-09 4.829000000000000000e+03
-1.263759999999999987e-09 4.830000000000000000e+03
-1.003247000000000103e-09 4.831000000000000000e+03
-1.149487999999999908e-09 4.833000000000000000e+03
-1.301208000000000083e-09 4.834000000000000000e+03
-1.059427999999999911e-09 4.836000000000000000e+03
-1.444496000000000096e-09 4.837000000000000000e+03
-1.146486000000000005e-09 4.838000000000000000e+03
-1.211480999999999944e-09 4.840000000000000000e+03
-1.275355999999999995e-09 4.841000000000000000e+03
-1.142641999999999909e-09 4.842000000000000000e+03
-1.110380999999999952e-09 4.844000000000000000e+03
-1.104070000000000097e-09 4.845000000000000000e+03
-1.016497999999999936e-09 4.847000000000000000e+03
-1.221547000000000062e-09 4.848000000000000000e+03
-1.301786999999999984e-09 4.849000000000000000e+03
-1.204894999999999901e-09 4.851000000000000000e+03
-1.062404999999999910e-09 4.852000000000000000e+03
-1.113534999999999919e-09 4.854000000000000000e+03
-1.325194000000000087e-09 4.855000000000000000e+03
-1.163516000000000100e-09 4.856000000000000000e+03
-9.402548000000000151e-10 4.858000000000000000e+03
-1.146326999999999985e-09 4.859000000000000000e+03
-1.400627999999999932e-09 4.860000000000000000e+03
-1.211925999999999936e-09 4.862000000000000000e+03
-1.372397000000000012e-09 4.863000000000000000e+03
-1.199140999999999964e-09 4.865000000000000000e+03
-1.066393000000000000e-09 4.866000000000000000e+03
-9.998087999999999110e-10 4.867000000000000000e+03
-1.213225000000000016e-09 4.869000000000000000e+03
-1.329569000000000085e-09 4.870000000000000000e+03
-1.247841999999999918e-09 4.871000000000000000e+03
-1.113942999999999903e-09 4.873000000000000000e+03
-1.107822000000000024e-09 4.874000000000000000e+03
-1.036570999999999977e-09 4.876000000000000000e+03
-1.364543000000000051e-09 4.877000000000000000e+03
-1.106094000000000089e-09 4.878000000000000000e+03
-1.096627000000000043e-09 4.880000000000000000e+03
-1.067250999999999916e-09 4.881000000000000000e+03
-1.005328000000000067e-09 4.883000000000000000e+03
-1.211031000000000013e-09 4.884000000000000000e+03
-8.935586000000000332e-10 4.885000000000000000e+03
-1.167115999999999964e-09 4.887000000000000000e+03
-1.026102999999999926e-09 4.888000000000000000e+03
-1.125804999999999919e-09 4.890000000000000000e+03
-1.403388000000000035e-09 4.891000000000000000e+03
-1.157054999999999992e-09 4.892000000000000000e+03
-1.153626000000000044e-09 4.894000000000000000e+03
-1.240763999999999997e-09 4.895000000000000000e+03
-1.192285000000000086e-09 4.896000000000000000e+03
-1.153332000000000004e-09 4.898000000000000000e+03
-1.140468999999999983e-09 4.899000000000000000e+03
-1.119599000000000034e-09 4.901000000000000000e+03
-1.197251999999999993e-09 4.902000000000000000e+03
-1.319057000000000070e-09 4.903000000000000000e+03
-1.085024000000000078e-09 4.905000000000000000e+03
-1.166219999999999929e-09 4.906000000000000000e+03
-1.163351000000000029e-09 4.907000000000000000e+03
-1.449624000000000039e-09 4.909000000000000000e+03
-1.184938000000000029e-09 4.910000000000000000e+03
-1.238449000000000094e-09 4.911000000000000000e+03
-1.194532999999999932e-09 4.913000000000000000e+03
-1.155318999999999989e-09 4.914000000000000000e+03
-1.061132999999999959e-09 4.916000000000000000e+03
-1.113946999999999938e-09 4.917000000000000000e+03
-1.107178999999999988e-09 4.918000000000000000e+03
-1.301969000000000098e-09 4.920000000000000000e+03
-1.099619000000000067e-09 4.921000000000000000e+03
-1.073740999999999963e-09 4.923000000000000000e+03
-1.129976000000000028e-09 4.924000000000000000e+03
-1.016390000000000044e-09 4.925000000000000000e+03
-1.077271999999999958e-09 4.927000000000000000e+03
-1.158167999999999924e-09 4.928000000000000000e+03
-1.267574999999999937e-09 4.930000000000000000e+03
-1.147029999999999915e-09 4.931000000000000000e+03
-1.155691999999999983e-09 4.932000000000000000e+03
-1.235547000000000014e-09 4.934000000000000000e+03
-1.116125999999999915e-09 4.935000000000000000e+03
-1.024695000000000048e-09 4.936000000000000000e+03
-1.156605000000000061e-09 4.938000000000000000e+03
-1.223730000000000074e-09 4.939000000000000000e+03
-1.233555999999999995e-09 4.941000000000000000e+03
-1.134205999999999919e-09 4.942000000000000000e+03
-1.225560999999999962e-09 4.943000000000000000e+03
-1.283859000000000043e-09 4.945000000000000000e+03
-1.149918999999999987e-09 4.946000000000000000e+03
-1.186096999999999942e-09 4.948000000000000000e+03
-1.142246000000000028e-09 4.949000000000000000e+03
-1.046505999999999901e-09 4.950000000000000000e+03
-1.157098000000000051e-09 4.952000000000000000e+03
-1.084479999999999961e-09 4.953000000000000000e+03
-1.092548000000000103e-09 4.954000000000000000e+03
-1.177394000000000039e-09 4.956000000000000000e+03
-1.264896000000000013e-09 4.957000000000000000e+03
-1.293124000000000011e-09 4.958000000000000000e+03
-1.323053000000000022e-09 4.960000000000000000e+03
-9.764066000000000970e-10 4.961000000000000000e+03
-1.456463999999999987e-09 4.963000000000000000e+03
-1.154324000000000035e-09 4.964000000000000000e+03
-1.010761000000000042e-09 4.965000000000000000e+03
-1.264178000000000057e-09 4.967000000000000000e+03
-1.108515999999999980e-09 4.968000000000000000e+03
-1.064055000000000003e-09 4.970000000000000000e+03
-1.245167999999999934e-09 4.971000000000000000e+03
-1.279225999999999900e-09 4.972000000000000000e+03
-1.003073000000000058e-09 4.974000000000000000e+03
-1.199354999999999939e-09 4.975000000000000000e+03
-1.055407000000000055e-09 4.976000000000000000e+03
-8.887892000000000434e-10 4.978000000000000000e+03
-1.111900999999999964e-09 4.979000000000000000e+03
-1.081223999999999946e-09 4.981000000000000000e+03
-1.058437999999999897e-09 4.982000000000000000e+03
