-1.619875999999999959e-09 0.000000000000000000e+00
-1.474637999999999969e-09 2.000000000000000000e+00
-1.157072999999999940e-09 3.000000000000000000e+00
-1.354644999999999927e-09 4.000000000000000000e+00
-1.167117999999999981e-09 6.000000000000000000e+00
-1.289837999999999946e-09 7.000000000000000000e+00
-1.211872000000000093e-09 9.000000000000000000e+00
-1.356548000000000018e-09 1.000000000000000000e+01
-1.166631000000000042e-09 1.100000000000000000e+01
-1.233955000000000006e-09 1.300000000000000000e+01
-1.162614000000000014e-09 1.400000000000000000e+01
-1.366772999999999950e-09 1.500000000000000000e+01
-1.201829999999999974e-09 1.700000000000000000e+01
-1.165098999999999928e-09 1.800000000000000000e+01
-1.393286000000000021e-09 2.000000000000000000e+01
-1.174068000000000045e-09 2.100000000000000000e+01
-1.230184999999999924e-09 2.300000000000000000e+01
-1.033742000000000006e-09 2.400000000000000000e+01
-1.572632999999999898e-09 2.500000000000000000e+01
-1.303632999999999897e-09 2.700000000000000000e+01
-1.172596000000000032e-09 2.800000000000000000e+01
-1.306443000000000014e-09 2.900000000000000000e+01
-1.523501999999999978e-09 3.100000000000000000e+01
-1.545579999999999950e-09 3.200000000000000000e+01
-1.719365000000000090e-09 3.300000000000000000e+01
-1.506745999999999958e-09 3.500000000000000000e+01
-1.200095000000000083e-09 3.600000000000000000e+01
-1.322141000000000057e-09 3.800000000000000000e+01
-1.092274000000000027e-09 3.900000000000000000e+01
-1.786371999999999919e-09 4.000000000000000000e+01
