-5.800369999999999813e-08 1.000000000000000000e+00
-5.751253999999999918e-08 2.000000000000000000e+00
-5.798355000000000043e-08 4.000000000000000000e+00
-5.830433999999999969e-08 5.000000000000000000e+00
-5.736090000000000114e-08 6.000000000000000000e+00
-5.778437999999999852e-08 8.000000000000000000e+00
-5.703025000000000208e-08 9.000000000000000000e+00
-5.751137999999999998e-08 1.000000000000000000e+01
-5.767545000000000311e-08 1.200000000000000000e+01
-5.732225000000000231e-08 1.300000000000000000e+01
-5.711868999999999727e-08 1.400000000000000000e+01
-5.777328000000000049e-08 1.600000000000000000e+01
-5.745401999999999926e-08 1.700000000000000000e+01
-5.702869999999999767e-08 1.800000000000000000e+01
-5.768477000000000283e-08 2.000000000000000000e+01
-5.751743000000000287e-08 2.100000000000000000e+01
-5.780449999999999989e-08 2.300000000000000000e+01
-5.734685999999999898e-08 2.400000000000000000e+01
-5.786755000000000124e-08 2.600000000000000000e+01
-5.793707999999999697e-08 2.700000000000000000e+01
