-2.022210999999999894e-10 0.000000000000000000e+00
-2.964697999999999992e-10 2.000000000000000000e+00
-1.931065999999999947e-10 3.000000000000000000e+00
-2.448063000000000152e-10 4.000000000000000000e+00
-2.107336999999999958e-10 6.000000000000000000e+00
-3.404664000000000042e-10 7.000000000000000000e+00
-1.974987999999999953e-10 9.000000000000000000e+00
-2.524622000000000032e-10 1.000000000000000000e+01
-3.843780999999999840e-10 1.100000000000000000e+01
-1.826315000000000067e-10 1.300000000000000000e+01
-1.683001999999999892e-10 1.400000000000000000e+01
-2.810798000000000141e-10 1.600000000000000000e+01
-2.310297999999999904e-10 1.700000000000000000e+01
-3.238678000000000115e-10 1.800000000000000000e+01
-1.887849000000000043e-10 2.000000000000000000e+01
-3.431930000000000059e-10 2.100000000000000000e+01
-3.309016000000000084e-10 2.300000000000000000e+01
-1.673781000000000095e-10 2.400000000000000000e+01
-1.523164999999999930e-10 2.500000000000000000e+01
-5.093550000000000469e-10 2.700000000000000000e+01
-1.875122999999999905e-10 2.800000000000000000e+01
-1.664021999999999923e-10 2.900000000000000000e+01
-1.534615999999999987e-10 3.100000000000000000e+01
-2.040733999999999976e-10 3.200000000000000000e+01
-1.799037999999999904e-10 3.400000000000000000e+01
-2.334249000000000177e-10 3.500000000000000000e+01
-5.969420000000000258e-10 3.600000000000000000e+01
-1.215868000000000045e-09 3.700000000000000000e+01
-3.691289000000000073e-10 3.900000000000000000e+01
-3.750057999999999852e-10 4.000000000000000000e+01
